0,160,23.00,13.00,2.00,2.00,1,-1,-1,-1
0,159,23.00,7.00,2.00,2.00,1,-1,-1,-1
0,158,19.00,14.00,2.00,2.00,1,-1,-1,-1
0,157,17.00,26.00,2.00,2.00,1,-1,-1,-1
0,156,17.00,13.00,2.00,2.00,1,-1,-1,-1
0,155,15.00,13.00,2.00,2.00,1,-1,-1,-1
0,154,14.00,9.00,2.00,2.00,1,-1,-1,-1
0,153,11.00,13.00,2.00,2.00,1,-1,-1,-1
0,152,7.00,15.00,2.00,2.00,1,-1,-1,-1
0,151,5.00,8.00,2.00,2.00,1,-1,-1,-1
0,150,5.00,1.00,2.00,2.00,1,-1,-1,-1
0,149,4.00,3.00,2.00,2.00,1,-1,-1,-1
0,148,3.00,14.00,2.00,2.00,1,-1,-1,-1
0,147,3.00,11.00,2.00,2.00,1,-1,-1,-1
0,146,0.00,22.00,2.00,2.00,1,-1,-1,-1
0,145,0.00,18.00,2.00,2.00,1,-1,-1,-1
1,160,23.00,12.00,2.00,2.00,1,-1,-1,-1
1,159,24.00,7.00,2.00,2.00,1,-1,-1,-1
1,158,19.00,14.00,2.00,2.00,1,-1,-1,-1
1,157,17.00,26.00,2.00,2.00,1,-1,-1,-1
1,156,17.00,12.00,2.00,2.00,1,-1,-1,-1
1,155,15.00,13.00,2.00,2.00,1,-1,-1,-1
1,154,14.00,9.00,2.00,2.00,1,-1,-1,-1
1,153,11.00,13.00,2.00,2.00,1,-1,-1,-1
1,152,7.00,15.00,2.00,2.00,1,-1,-1,-1
1,151,5.00,8.00,2.00,2.00,1,-1,-1,-1
1,150,5.00,1.00,2.00,2.00,1,-1,-1,-1
1,149,4.00,3.00,2.00,2.00,1,-1,-1,-1
1,148,3.00,14.00,2.00,2.00,1,-1,-1,-1
1,147,3.00,11.00,2.00,2.00,1,-1,-1,-1
1,146,0.00,22.00,2.00,2.00,1,-1,-1,-1
1,145,0.00,18.00,2.00,2.00,1,-1,-1,-1
2,160,23.00,11.94,2.00,2.00,1,-1,-1,-1
2,159,24.06,7.00,2.00,2.00,1,-1,-1,-1
2,158,19.94,14.00,2.00,2.00,1,-1,-1,-1
2,157,17.94,26.00,2.00,2.00,1,-1,-1,-1
2,156,17.00,11.94,2.00,2.00,1,-1,-1,-1
2,155,15.00,13.00,2.00,2.00,1,-1,-1,-1
2,154,14.00,8.06,2.00,2.00,1,-1,-1,-1
2,153,11.00,13.00,2.00,2.00,1,-1,-1,-1
2,152,7.00,15.00,2.00,2.00,1,-1,-1,-1
2,151,5.00,8.00,2.00,2.00,1,-1,-1,-1
2,150,5.00,1.00,2.00,2.00,1,-1,-1,-1
2,149,4.00,3.00,2.00,2.00,1,-1,-1,-1
2,148,3.00,14.00,2.00,2.00,1,-1,-1,-1
2,147,3.00,11.94,2.00,2.00,1,-1,-1,-1
2,146,0.00,22.00,2.00,2.00,1,-1,-1,-1
2,145,0.00,18.00,2.00,2.00,1,-1,-1,-1
3,160,23.00,11.96,2.00,2.00,1,-1,-1,-1
3,159,24.04,7.00,2.00,2.00,1,-1,-1,-1
3,158,20.11,14.00,2.00,2.00,1,-1,-1,-1
3,157,18.11,25.15,2.00,2.00,1,-1,-1,-1
3,156,17.00,11.96,2.00,2.00,1,-1,-1,-1
3,155,15.00,13.00,2.00,2.00,1,-1,-1,-1
3,154,14.00,7.89,2.00,2.00,1,-1,-1,-1
3,153,10.15,13.85,2.00,2.00,1,-1,-1,-1
3,152,7.00,15.00,2.00,2.00,1,-1,-1,-1
3,151,5.00,8.00,2.00,2.00,1,-1,-1,-1
3,150,5.85,0.15,2.00,2.00,1,-1,-1,-1
3,149,4.00,3.00,2.00,2.00,1,-1,-1,-1
3,148,2.15,14.00,2.00,2.00,1,-1,-1,-1
3,147,3.00,12.11,2.00,2.00,1,-1,-1,-1
3,146,0.00,21.15,2.00,2.00,1,-1,-1,-1
3,145,0.00,17.15,2.00,2.00,1,-1,-1,-1
4,160,23.00,11.97,2.00,2.00,1,-1,-1,-1
4,159,24.03,7.00,2.00,2.00,1,-1,-1,-1
4,158,20.12,14.00,2.00,2.00,1,-1,-1,-1
4,157,18.12,24.94,2.00,2.00,1,-1,-1,-1
4,156,17.00,11.97,2.00,2.00,1,-1,-1,-1
4,155,15.00,13.00,2.00,2.00,1,-1,-1,-1
4,154,14.00,7.88,2.00,2.00,1,-1,-1,-1
4,153,9.94,14.06,2.00,2.00,1,-1,-1,-1
4,152,6.22,15.00,2.00,2.00,1,-1,-1,-1
4,151,5.00,8.00,2.00,2.00,1,-1,-1,-1
4,150,6.06,-0.06,2.00,2.00,1,-1,-1,-1
4,149,4.00,3.78,2.00,2.00,1,-1,-1,-1
4,148,1.94,14.00,2.00,2.00,1,-1,-1,-1
4,147,3.00,12.91,2.00,2.00,1,-1,-1,-1
4,146,0.00,20.94,2.00,2.00,1,-1,-1,-1
4,145,0.00,16.94,2.00,2.00,1,-1,-1,-1
5,160,23.00,11.97,2.00,2.00,1,-1,-1,-1
5,159,24.03,6.26,2.00,2.00,1,-1,-1,-1
5,158,20.11,14.00,2.00,2.00,1,-1,-1,-1
5,157,18.85,24.89,2.00,2.00,1,-1,-1,-1
5,156,17.00,11.97,2.00,2.00,1,-1,-1,-1
5,155,15.00,13.00,2.00,2.00,1,-1,-1,-1
5,154,14.00,7.15,2.00,2.00,1,-1,-1,-1
5,153,10.63,14.11,2.00,2.00,1,-1,-1,-1
5,152,5.98,15.00,2.00,2.00,1,-1,-1,-1
5,151,5.74,8.00,2.00,2.00,1,-1,-1,-1
5,150,6.11,-0.11,2.00,2.00,1,-1,-1,-1
5,149,4.00,4.02,2.00,2.00,1,-1,-1,-1
5,148,1.89,14.00,2.00,2.00,1,-1,-1,-1
5,147,3.00,13.13,2.00,2.00,1,-1,-1,-1
5,146,0.00,20.89,2.00,2.00,1,-1,-1,-1
5,145,0.00,16.89,2.00,2.00,1,-1,-1,-1
6,160,23.00,11.27,2.00,2.00,1,-1,-1,-1
6,159,24.73,6.02,2.00,2.00,1,-1,-1,-1
6,158,20.09,14.00,2.00,2.00,1,-1,-1,-1
6,157,19.08,24.89,2.00,2.00,1,-1,-1,-1
6,156,17.00,11.27,2.00,2.00,1,-1,-1,-1
6,155,15.00,12.29,2.00,2.00,1,-1,-1,-1
6,154,14.00,6.92,2.00,2.00,1,-1,-1,-1
6,153,10.88,14.11,2.00,2.00,1,-1,-1,-1
6,152,5.92,15.00,2.00,2.00,1,-1,-1,-1
6,151,5.98,8.00,2.00,2.00,1,-1,-1,-1
6,150,6.11,-0.11,2.00,2.00,1,-1,-1,-1
6,149,4.00,4.08,2.00,2.00,1,-1,-1,-1
6,148,1.18,13.29,2.00,2.00,1,-1,-1,-1
6,147,3.00,13.17,2.00,2.00,1,-1,-1,-1
6,146,0.00,20.89,2.00,2.00,1,-1,-1,-1
6,145,0.00,16.89,2.00,2.00,1,-1,-1,-1
7,160,23.70,11.02,2.00,2.00,1,-1,-1,-1
7,159,24.98,5.94,2.00,2.00,1,-1,-1,-1
7,158,20.08,14.00,2.00,2.00,1,-1,-1,-1
7,157,19.83,24.90,2.00,2.00,1,-1,-1,-1
7,156,16.30,11.02,2.00,2.00,1,-1,-1,-1
7,155,15.70,12.04,2.00,2.00,1,-1,-1,-1
7,154,14.00,6.86,2.00,2.00,1,-1,-1,-1
7,153,10.96,14.79,2.00,2.00,1,-1,-1,-1
7,152,5.91,15.00,2.00,2.00,1,-1,-1,-1
7,151,6.06,8.00,2.00,2.00,1,-1,-1,-1
7,150,6.79,-0.10,2.00,2.00,1,-1,-1,-1
7,149,4.00,4.79,2.00,2.00,1,-1,-1,-1
7,148,0.94,13.04,2.00,2.00,1,-1,-1,-1
7,147,3.00,13.87,2.00,2.00,1,-1,-1,-1
7,146,0.00,20.21,2.00,2.00,1,-1,-1,-1
7,145,0.00,16.90,2.00,2.00,1,-1,-1,-1
8,160,23.95,10.94,2.00,2.00,1,-1,-1,-1
8,159,25.06,5.92,2.00,2.00,1,-1,-1,-1
8,158,20.75,14.00,2.00,2.00,1,-1,-1,-1
8,157,20.09,24.92,2.00,2.00,1,-1,-1,-1
8,156,16.05,10.94,2.00,2.00,1,-1,-1,-1
8,155,15.95,11.96,2.00,2.00,1,-1,-1,-1
8,154,14.00,6.17,2.00,2.00,1,-1,-1,-1
8,153,10.99,15.03,2.00,2.00,1,-1,-1,-1
8,152,5.23,15.00,2.00,2.00,1,-1,-1,-1
8,151,6.08,8.00,2.00,2.00,1,-1,-1,-1
8,150,7.03,-0.08,2.00,2.00,1,-1,-1,-1
8,149,4.00,5.03,2.00,2.00,1,-1,-1,-1
8,148,0.87,12.96,2.00,2.00,1,-1,-1,-1
8,147,3.00,14.10,2.00,2.00,1,-1,-1,-1
8,146,0.00,19.97,2.00,2.00,1,-1,-1,-1
8,145,0.00,16.92,2.00,2.00,1,-1,-1,-1
9,160,24.03,10.92,2.00,2.00,1,-1,-1,-1
9,159,25.08,5.92,2.00,2.00,1,-1,-1,-1
9,158,20.99,13.32,2.00,2.00,1,-1,-1,-1
9,157,20.16,24.25,2.00,2.00,1,-1,-1,-1
9,156,15.97,10.92,2.00,2.00,1,-1,-1,-1
9,155,16.03,11.93,2.00,2.00,1,-1,-1,-1
9,154,14.00,5.93,2.00,2.00,1,-1,-1,-1
9,153,11.00,15.10,2.00,2.00,1,-1,-1,-1
9,152,4.99,15.00,2.00,2.00,1,-1,-1,-1
9,151,6.08,8.00,2.00,2.00,1,-1,-1,-1
9,150,7.10,-0.07,2.00,2.00,1,-1,-1,-1
9,149,4.00,5.11,2.00,2.00,1,-1,-1,-1
9,148,0.86,12.93,2.00,2.00,1,-1,-1,-1
9,147,3.00,14.84,2.00,2.00,1,-1,-1,-1
9,146,0.00,19.90,2.00,2.00,1,-1,-1,-1
9,145,0.00,16.25,2.00,2.00,1,-1,-1,-1
10,160,24.06,10.92,2.00,2.00,1,-1,-1,-1
10,159,25.08,5.26,2.00,2.00,1,-1,-1,-1
10,158,21.07,13.07,2.00,2.00,1,-1,-1,-1
10,157,20.17,24.01,2.00,2.00,1,-1,-1,-1
10,156,15.94,10.92,2.00,2.00,1,-1,-1,-1
10,155,16.06,11.93,2.00,2.00,1,-1,-1,-1
10,154,14.00,5.86,2.00,2.00,1,-1,-1,-1
10,153,11.01,15.79,2.00,2.00,1,-1,-1,-1
10,152,4.91,15.00,2.00,2.00,1,-1,-1,-1
10,151,6.74,8.00,2.00,2.00,1,-1,-1,-1
10,150,7.79,-0.06,2.00,2.00,1,-1,-1,-1
10,149,4.00,5.12,2.00,2.00,1,-1,-1,-1
10,148,0.20,12.93,2.00,2.00,1,-1,-1,-1
10,147,3.00,15.10,2.00,2.00,1,-1,-1,-1
10,145,0.00,16.01,2.00,2.00,1,-1,-1,-1
11,160,24.06,10.26,2.00,2.00,1,-1,-1,-1
11,159,25.74,5.02,2.00,2.00,1,-1,-1,-1
11,158,21.09,12.98,2.00,2.00,1,-1,-1,-1
11,157,20.16,23.93,2.00,2.00,1,-1,-1,-1
11,156,15.94,10.26,2.00,2.00,1,-1,-1,-1
11,155,16.06,11.94,2.00,2.00,1,-1,-1,-1
11,154,14.67,5.18,2.00,2.00,1,-1,-1,-1
11,153,11.01,16.03,2.00,2.00,1,-1,-1,-1
11,152,4.89,15.00,2.00,2.00,1,-1,-1,-1
11,151,6.98,8.00,2.00,2.00,1,-1,-1,-1
11,150,8.03,-0.05,2.00,2.00,1,-1,-1,-1
11,149,4.00,5.12,2.00,2.00,1,-1,-1,-1
11,148,-0.04,12.94,2.00,2.00,1,-1,-1,-1
11,147,3.00,15.84,2.00,2.00,1,-1,-1,-1
11,145,0.00,15.93,2.00,2.00,1,-1,-1,-1
12,160,24.06,10.02,2.00,2.00,1,-1,-1,-1
12,159,25.98,4.94,2.00,2.00,1,-1,-1,-1
12,158,21.09,12.96,2.00,2.00,1,-1,-1,-1
12,157,20.15,23.91,2.00,2.00,1,-1,-1,-1
12,156,15.94,10.02,2.00,2.00,1,-1,-1,-1
12,155,16.06,11.94,2.00,2.00,1,-1,-1,-1
12,154,14.92,4.94,2.00,2.00,1,-1,-1,-1
12,153,11.67,16.11,2.00,2.00,1,-1,-1,-1
12,152,4.89,15.67,2.00,2.00,1,-1,-1,-1
12,151,7.06,8.00,2.00,2.00,1,-1,-1,-1
12,150,8.11,-0.05,2.00,2.00,1,-1,-1,-1
12,149,4.67,5.11,2.00,2.00,1,-1,-1,-1
12,148,-0.11,12.94,2.00,2.00,1,-1,-1,-1
12,147,2.33,16.10,2.00,2.00,1,-1,-1,-1
12,145,0.00,15.91,2.00,2.00,1,-1,-1,-1
13,160,24.05,9.94,2.00,2.00,1,-1,-1,-1
13,159,26.06,4.91,2.00,2.00,1,-1,-1,-1
13,158,21.08,12.95,2.00,2.00,1,-1,-1,-1
13,157,20.13,23.91,2.00,2.00,1,-1,-1,-1
13,156,15.95,9.94,2.00,2.00,1,-1,-1,-1
13,155,16.05,11.29,2.00,2.00,1,-1,-1,-1
13,154,15.01,4.86,2.00,2.00,1,-1,-1,-1
13,153,11.92,16.13,2.00,2.00,1,-1,-1,-1
13,152,4.90,15.91,2.00,2.00,1,-1,-1,-1
13,151,7.09,8.66,2.00,2.00,1,-1,-1,-1
13,150,8.80,-0.04,2.00,2.00,1,-1,-1,-1
13,149,4.91,5.10,2.00,2.00,1,-1,-1,-1
13,148,-0.13,12.29,2.00,2.00,1,-1,-1,-1
13,147,2.09,16.19,2.00,2.00,1,-1,-1,-1
13,146,0.00,18.09,2.00,2.00,1,-1,-1,-1
13,145,0.00,15.91,2.00,2.00,1,-1,-1,-1
14,160,24.05,9.91,2.00,2.00,1,-1,-1,-1
14,159,26.09,4.91,2.00,2.00,1,-1,-1,-1
14,158,21.08,12.95,2.00,2.00,1,-1,-1,-1
14,157,20.12,23.91,2.00,2.00,1,-1,-1,-1
14,156,15.95,9.91,2.00,2.00,1,-1,-1,-1
14,155,16.05,11.04,2.00,2.00,1,-1,-1,-1
14,154,15.04,4.84,2.00,2.00,1,-1,-1,-1
14,153,12.01,16.13,2.00,2.00,1,-1,-1,-1
14,152,4.91,16.00,2.00,2.00,1,-1,-1,-1
14,151,7.09,8.91,2.00,2.00,1,-1,-1,-1
14,150,9.04,-0.04,2.00,2.00,1,-1,-1,-1
14,149,5.00,5.09,2.00,2.00,1,-1,-1,-1
14,148,-0.13,12.04,2.00,2.00,1,-1,-1,-1
14,147,2.00,16.86,2.00,2.00,1,-1,-1,-1
14,146,0.00,17.92,2.00,2.00,1,-1,-1,-1
14,145,0.00,15.91,2.00,2.00,1,-1,-1,-1
15,160,24.70,9.91,2.00,2.00,1,-1,-1,-1
15,159,26.09,4.26,2.00,2.00,1,-1,-1,-1
15,158,21.73,12.95,2.00,2.00,1,-1,-1,-1
15,157,19.45,23.26,2.00,2.00,1,-1,-1,-1
15,156,15.96,9.91,2.00,2.00,1,-1,-1,-1
15,155,16.04,10.96,2.00,2.00,1,-1,-1,-1
15,154,15.04,4.85,2.00,2.00,1,-1,-1,-1
15,153,12.04,16.12,2.00,2.00,1,-1,-1,-1
15,152,4.92,16.03,2.00,2.00,1,-1,-1,-1
15,151,7.08,9.00,2.00,2.00,1,-1,-1,-1
15,150,9.12,-0.69,2.00,2.00,1,-1,-1,-1
15,149,5.03,5.08,2.00,2.00,1,-1,-1,-1
15,148,-0.12,11.96,2.00,2.00,1,-1,-1,-1
15,147,1.97,17.10,2.00,2.00,1,-1,-1,-1
15,146,0.00,17.87,2.00,2.00,1,-1,-1,-1
15,145,0.00,15.26,2.00,2.00,1,-1,-1,-1
16,160,24.94,9.92,2.00,2.00,1,-1,-1,-1
16,159,26.08,4.02,2.00,2.00,1,-1,-1,-1
16,158,21.97,12.96,2.00,2.00,1,-1,-1,-1
16,157,19.19,23.02,2.00,2.00,1,-1,-1,-1
16,156,15.30,9.26,2.00,2.00,1,-1,-1,-1
16,155,16.70,10.93,2.00,2.00,1,-1,-1,-1
16,154,15.70,4.20,2.00,2.00,1,-1,-1,-1
16,153,12.71,16.11,2.00,2.00,1,-1,-1,-1
16,152,4.93,16.04,2.00,2.00,1,-1,-1,-1
16,151,7.73,9.69,2.00,2.00,1,-1,-1,-1
16,150,9.80,-0.28,2.00,2.00,1,-1,-1,-1
16,149,5.04,5.07,2.00,2.00,1,-1,-1,-1
16,148,-0.11,11.93,2.00,2.00,1,-1,-1,-1
16,147,1.96,17.83,2.00,2.00,1,-1,-1,-1
16,146,0.00,17.85,2.00,2.00,1,-1,-1,-1
16,145,0.00,15.02,2.00,2.00,1,-1,-1,-1
17,160,25.03,9.27,2.00,2.00,1,-1,-1,-1
17,159,26.08,3.93,2.00,2.00,1,-1,-1,-1
17,158,22.05,12.31,2.00,2.00,1,-1,-1,-1
17,157,19.09,22.94,2.00,2.00,1,-1,-1,-1
17,156,15.06,9.02,2.00,2.00,1,-1,-1,-1
17,155,16.94,10.93,2.00,2.00,1,-1,-1,-1
17,154,15.95,3.97,2.00,2.00,1,-1,-1,-1
17,153,12.95,16.76,2.00,2.00,1,-1,-1,-1
17,152,4.94,16.70,2.00,2.00,1,-1,-1,-1
17,151,7.98,9.95,2.00,2.00,1,-1,-1,-1
17,150,10.04,-0.12,2.00,2.00,1,-1,-1,-1
17,149,5.70,5.06,2.00,2.00,1,-1,-1,-1
17,148,-0.75,11.93,2.00,2.00,1,-1,-1,-1
17,147,1.96,18.10,2.00,2.00,1,-1,-1,-1
17,145,0.66,14.94,2.00,2.00,1,-1,-1,-1
18,160,25.06,9.03,2.00,2.00,1,-1,-1,-1
18,159,26.07,3.91,2.00,2.00,1,-1,-1,-1
18,158,22.08,12.06,2.00,2.00,1,-1,-1,-1
18,157,19.05,22.91,2.00,2.00,1,-1,-1,-1
18,156,14.97,8.93,2.00,2.00,1,-1,-1,-1
18,155,17.03,10.93,2.00,2.00,1,-1,-1,-1
18,154,16.03,3.89,2.00,2.00,1,-1,-1,-1
18,153,13.04,16.99,2.00,2.00,1,-1,-1,-1
18,152,4.94,16.94,2.00,2.00,1,-1,-1,-1
18,151,8.06,10.04,2.00,2.00,1,-1,-1,-1
18,150,10.13,-0.06,2.00,2.00,1,-1,-1,-1
18,149,5.94,5.06,2.00,2.00,1,-1,-1,-1
18,148,-0.34,11.27,2.00,2.00,1,-1,-1,-1
18,147,2.62,18.18,2.00,2.00,1,-1,-1,-1
18,145,0.90,14.91,2.00,2.00,1,-1,-1,-1
19,160,25.72,8.94,2.00,2.00,1,-1,-1,-1
19,159,26.06,3.25,2.00,2.00,1,-1,-1,-1
19,158,22.08,11.97,2.00,2.00,1,-1,-1,-1
19,157,18.37,22.91,2.00,2.00,1,-1,-1,-1
19,156,14.94,8.91,2.00,2.00,1,-1,-1,-1
19,155,17.06,10.28,2.00,2.00,1,-1,-1,-1
19,154,16.06,3.87,2.00,2.00,1,-1,-1,-1
19,153,13.72,17.08,2.00,2.00,1,-1,-1,-1
19,152,4.95,17.03,2.00,2.00,1,-1,-1,-1
19,151,8.08,10.72,2.00,2.00,1,-1,-1,-1
19,150,10.80,-0.03,2.00,2.00,1,-1,-1,-1
19,149,6.03,5.05,2.00,2.00,1,-1,-1,-1
19,148,-0.17,11.03,2.00,2.00,1,-1,-1,-1
19,147,2.87,18.85,2.00,2.00,1,-1,-1,-1
19,145,1.00,14.91,2.00,2.00,1,-1,-1,-1
20,160,25.97,8.92,2.00,2.00,1,-1,-1,-1
20,159,26.06,3.01,2.00,2.00,1,-1,-1,-1
20,158,22.08,11.95,2.00,2.00,1,-1,-1,-1
20,157,18.12,22.26,2.00,2.00,1,-1,-1,-1
20,156,14.94,8.25,2.00,2.00,1,-1,-1,-1
20,155,17.06,10.04,2.00,2.00,1,-1,-1,-1
20,154,16.07,3.87,2.00,2.00,1,-1,-1,-1
20,153,13.98,17.10,2.00,2.00,1,-1,-1,-1
20,152,4.95,17.06,2.00,2.00,1,-1,-1,-1
20,151,8.09,10.98,2.00,2.00,1,-1,-1,-1
20,150,11.05,-0.02,2.00,2.00,1,-1,-1,-1
20,149,6.06,5.04,2.00,2.00,1,-1,-1,-1
20,148,-0.10,10.95,2.00,2.00,1,-1,-1,-1
20,147,2.96,19.09,2.00,2.00,1,-1,-1,-1
20,146,0.00,16.10,2.00,2.00,1,-1,-1,-1
20,145,1.03,14.92,2.00,2.00,1,-1,-1,-1
21,160,26.05,8.91,2.00,2.00,1,-1,-1,-1
21,159,26.05,2.92,2.00,2.00,1,-1,-1,-1
21,158,22.07,11.94,2.00,2.00,1,-1,-1,-1
21,157,18.02,22.02,2.00,2.00,1,-1,-1,-1
21,156,14.94,8.01,2.00,2.00,1,-1,-1,-1
21,155,17.06,9.95,2.00,2.00,1,-1,-1,-1
21,154,16.72,3.22,2.00,2.00,1,-1,-1,-1
21,153,14.07,17.10,2.00,2.00,1,-1,-1,-1
21,152,4.30,17.07,2.00,2.00,1,-1,-1,-1
21,151,8.08,11.06,2.00,2.00,1,-1,-1,-1
21,150,11.13,-0.02,2.00,2.00,1,-1,-1,-1
21,149,6.07,5.04,2.00,2.00,1,-1,-1,-1
21,148,-0.07,10.92,2.00,2.00,1,-1,-1,-1
21,147,3.00,19.83,2.00,2.00,1,-1,-1,-1
21,146,0.68,15.93,2.00,2.00,1,-1,-1,-1
21,145,1.04,14.92,2.00,2.00,1,-1,-1,-1
22,160,26.08,8.26,2.00,2.00,1,-1,-1,-1
22,159,26.05,2.90,2.00,2.00,1,-1,-1,-1
22,158,22.07,11.94,2.00,2.00,1,-1,-1,-1
22,157,17.99,21.94,2.00,2.00,1,-1,-1,-1
22,156,14.94,7.92,2.00,2.00,1,-1,-1,-1
22,155,17.06,9.93,2.00,2.00,1,-1,-1,-1
22,154,16.96,2.99,2.00,2.00,1,-1,-1,-1
22,153,14.75,16.44,2.00,2.00,1,-1,-1,-1
22,152,4.06,17.72,2.00,2.00,1,-1,-1,-1
22,151,8.08,11.75,2.00,2.00,1,-1,-1,-1
22,150,11.15,-0.01,2.00,2.00,1,-1,-1,-1
22,149,6.72,5.04,2.00,2.00,1,-1,-1,-1
22,148,-0.06,10.92,2.00,2.00,1,-1,-1,-1
22,147,3.01,20.09,2.00,2.00,1,-1,-1,-1
22,146,0.91,15.87,2.00,2.00,1,-1,-1,-1
22,145,1.69,14.93,2.00,2.00,1,-1,-1,-1
23,160,26.08,8.02,2.00,2.00,1,-1,-1,-1
23,159,26.04,2.24,2.00,2.00,1,-1,-1,-1
23,158,22.06,11.29,2.00,2.00,1,-1,-1,-1
23,157,17.98,21.91,2.00,2.00,1,-1,-1,-1
23,156,14.95,7.90,2.00,2.00,1,-1,-1,-1
23,155,17.05,9.92,2.00,2.00,1,-1,-1,-1
23,154,17.05,2.91,2.00,2.00,1,-1,-1,-1
23,153,15.00,16.19,2.00,2.00,1,-1,-1,-1
23,152,3.97,17.96,2.00,2.00,1,-1,-1,-1
23,151,8.07,12.00,2.00,2.00,1,-1,-1,-1
23,150,11.80,-0.01,2.00,2.00,1,-1,-1,-1
23,149,6.96,5.03,2.00,2.00,1,-1,-1,-1
23,148,0.60,10.27,2.00,2.00,1,-1,-1,-1
23,147,3.01,20.18,2.00,2.00,1,-1,-1,-1
23,146,1.00,15.86,2.00,2.00,1,-1,-1,-1
23,145,1.94,14.94,2.00,2.00,1,-1,-1,-1
24,160,26.08,7.94,2.00,2.00,1,-1,-1,-1
24,159,26.04,2.00,2.00,2.00,1,-1,-1,-1
24,158,22.05,11.05,2.00,2.00,1,-1,-1,-1
24,157,17.32,21.91,2.00,2.00,1,-1,-1,-1
24,156,14.95,7.90,2.00,2.00,1,-1,-1,-1
24,155,16.39,9.92,2.00,2.00,1,-1,-1,-1
24,154,17.08,2.88,2.00,2.00,1,-1,-1,-1
24,153,15.08,16.09,2.00,2.00,1,-1,-1,-1
24,152,3.94,18.05,2.00,2.00,1,-1,-1,-1
24,151,8.72,12.08,2.00,2.00,1,-1,-1,-1
24,150,12.04,-0.01,2.00,2.00,1,-1,-1,-1
24,149,7.05,5.03,2.00,2.00,1,-1,-1,-1
24,148,0.86,10.02,2.00,2.00,1,-1,-1,-1
24,147,3.01,20.85,2.00,2.00,1,-1,-1,-1
24,146,1.03,15.21,2.00,2.00,1,-1,-1,-1
24,145,2.03,14.94,2.00,2.00,1,-1,-1,-1
25,160,26.07,7.91,2.00,2.00,1,-1,-1,-1
25,159,26.03,1.92,2.00,2.00,1,-1,-1,-1
25,158,22.70,10.96,2.00,2.00,1,-1,-1,-1
25,157,17.07,21.91,2.00,2.00,1,-1,-1,-1
25,156,14.96,7.25,2.00,2.00,1,-1,-1,-1
25,155,16.14,9.93,2.00,2.00,1,-1,-1,-1
25,154,17.08,2.23,2.00,2.00,1,-1,-1,-1
25,153,15.76,16.05,2.00,2.00,1,-1,-1,-1
25,152,3.94,18.07,2.00,2.00,1,-1,-1,-1
25,151,8.96,12.76,2.00,2.00,1,-1,-1,-1
25,150,12.12,-0.01,2.00,2.00,1,-1,-1,-1
25,149,7.07,4.37,2.00,2.00,1,-1,-1,-1
25,148,0.95,9.94,2.00,2.00,1,-1,-1,-1
25,147,3.01,21.09,2.00,2.00,1,-1,-1,-1
25,146,1.03,14.97,2.00,2.00,1,-1,-1,-1
25,145,2.06,14.95,2.00,2.00,1,-1,-1,-1
26,160,26.07,7.91,2.00,2.00,1,-1,-1,-1
26,159,25.38,1.89,2.00,2.00,1,-1,-1,-1
26,158,22.94,10.93,2.00,2.00,1,-1,-1,-1
26,157,16.33,21.92,2.00,2.00,1,-1,-1,-1
26,156,14.96,7.01,2.00,2.00,1,-1,-1,-1
26,155,16.05,9.28,2.00,2.00,1,-1,-1,-1
26,154,17.08,1.99,2.00,2.00,1,-1,-1,-1
26,153,16.01,16.03,2.00,2.00,1,-1,-1,-1
26,152,4.59,18.08,2.00,2.00,1,-1,-1,-1
26,151,9.04,13.01,2.00,2.00,1,-1,-1,-1
26,150,12.79,-0.01,2.00,2.00,1,-1,-1,-1
26,149,7.08,4.12,2.00,2.00,1,-1,-1,-1
26,148,0.99,9.91,2.00,2.00,1,-1,-1,-1
26,147,3.67,21.82,2.00,2.00,1,-1,-1,-1
26,146,1.03,14.89,2.00,2.00,1,-1,-1,-1
26,145,2.06,14.95,2.00,2.00,1,-1,-1,-1
27,160,26.06,7.26,2.00,2.00,1,-1,-1,-1
27,159,25.13,1.89,2.00,2.00,1,-1,-1,-1
27,158,23.03,10.93,2.00,2.00,1,-1,-1,-1
27,157,16.05,21.93,2.00,2.00,1,-1,-1,-1
27,156,14.97,6.93,2.00,2.00,1,-1,-1,-1
27,155,16.01,9.04,2.00,2.00,1,-1,-1,-1
27,154,17.73,1.91,2.00,2.00,1,-1,-1,-1
27,153,16.10,16.02,2.00,2.00,1,-1,-1,-1
27,152,4.84,18.73,2.00,2.00,1,-1,-1,-1
27,151,9.07,13.10,2.00,2.00,1,-1,-1,-1
27,150,13.04,-0.01,2.00,2.00,1,-1,-1,-1
27,149,7.73,4.03,2.00,2.00,1,-1,-1,-1
27,148,1.66,9.91,2.00,2.00,1,-1,-1,-1
27,147,3.91,22.09,2.00,2.00,1,-1,-1,-1
27,146,1.03,14.21,2.00,2.00,1,-1,-1,-1
27,145,2.71,14.96,2.00,2.00,1,-1,-1,-1
28,160,26.06,7.02,2.00,2.00,1,-1,-1,-1
28,159,25.03,1.90,2.00,2.00,1,-1,-1,-1
28,158,23.06,10.93,2.00,2.00,1,-1,-1,-1
28,157,15.95,21.28,2.00,2.00,1,-1,-1,-1
28,156,14.97,6.90,2.00,2.00,1,-1,-1,-1
28,155,16.00,8.96,2.00,2.00,1,-1,-1,-1
28,154,17.97,1.88,2.00,2.00,1,-1,-1,-1
28,153,16.78,16.02,2.00,2.00,1,-1,-1,-1
28,152,4.94,18.97,2.00,2.00,1,-1,-1,-1
28,151,9.08,13.12,2.00,2.00,1,-1,-1,-1
28,150,13.12,0.65,2.00,2.00,1,-1,-1,-1
28,149,7.97,3.99,2.00,2.00,1,-1,-1,-1
28,148,1.91,9.91,2.00,2.00,1,-1,-1,-1
28,147,4.00,22.17,2.00,2.00,1,-1,-1,-1
28,146,1.03,13.97,2.00,2.00,1,-1,-1,-1
28,145,2.96,14.96,2.00,2.00,1,-1,-1,-1
29,160,26.05,6.93,2.00,2.00,1,-1,-1,-1
29,159,25.00,1.25,2.00,2.00,1,-1,-1,-1
29,158,23.07,10.28,2.00,2.00,1,-1,-1,-1
29,157,15.27,21.04,2.00,2.00,1,-1,-1,-1
29,156,14.32,6.90,2.00,2.00,1,-1,-1,-1
29,155,15.99,8.93,2.00,2.00,1,-1,-1,-1
29,154,18.05,1.23,2.00,2.00,1,-1,-1,-1
29,153,17.02,16.02,2.00,2.00,1,-1,-1,-1
29,152,4.98,19.06,2.00,2.00,1,-1,-1,-1
29,151,9.07,13.78,2.00,2.00,1,-1,-1,-1
29,150,13.80,0.89,2.00,2.00,1,-1,-1,-1
29,149,8.06,3.98,2.00,2.00,1,-1,-1,-1
29,148,2.00,9.92,2.00,2.00,1,-1,-1,-1
29,147,4.03,22.85,2.00,2.00,1,-1,-1,-1
29,146,1.03,13.88,2.00,2.00,1,-1,-1,-1
29,145,3.04,14.97,2.00,2.00,1,-1,-1,-1
30,160,26.05,6.91,2.00,2.00,1,-1,-1,-1
30,159,24.33,1.01,2.00,2.00,1,-1,-1,-1
30,158,23.06,10.04,2.00,2.00,1,-1,-1,-1
30,157,15.02,20.95,2.00,2.00,1,-1,-1,-1
30,156,14.07,6.25,2.00,2.00,1,-1,-1,-1
30,155,15.34,8.92,2.00,2.00,1,-1,-1,-1
30,154,18.08,0.99,2.00,2.00,1,-1,-1,-1
30,153,17.11,16.01,2.00,2.00,1,-1,-1,-1
30,152,4.99,19.08,2.00,2.00,1,-1,-1,-1
30,151,9.72,14.02,2.00,2.00,1,-1,-1,-1
30,150,14.04,0.99,2.00,2.00,1,-1,-1,-1
30,149,8.08,3.33,2.00,2.00,1,-1,-1,-1
30,148,2.69,9.93,2.00,2.00,1,-1,-1,-1
30,147,4.04,23.09,2.00,2.00,1,-1,-1,-1
30,146,1.03,13.21,2.00,2.00,1,-1,-1,-1
30,145,3.07,14.97,2.00,2.00,1,-1,-1,-1
31,160,26.04,6.90,2.00,2.00,1,-1,-1,-1
31,159,24.08,0.93,2.00,2.00,1,-1,-1,-1
31,158,23.06,9.95,2.00,2.00,1,-1,-1,-1
31,157,14.93,20.93,2.00,2.00,1,-1,-1,-1
31,156,13.99,6.01,2.00,2.00,1,-1,-1,-1
31,155,15.09,8.93,2.00,2.00,1,-1,-1,-1
31,154,18.08,0.91,2.00,2.00,1,-1,-1,-1
31,153,17.78,16.01,2.00,2.00,1,-1,-1,-1
31,152,5.00,19.09,2.00,2.00,1,-1,-1,-1
31,151,9.96,14.10,2.00,2.00,1,-1,-1,-1
31,150,14.13,1.02,2.00,2.00,1,-1,-1,-1
31,149,8.09,3.08,2.00,2.00,1,-1,-1,-1
31,148,2.94,9.28,2.00,2.00,1,-1,-1,-1
31,147,4.04,23.82,2.00,2.00,1,-1,-1,-1
31,146,1.02,12.96,2.00,2.00,1,-1,-1,-1
31,145,3.73,14.97,2.00,2.00,1,-1,-1,-1
32,160,26.04,6.26,2.00,2.00,1,-1,-1,-1
32,159,23.99,0.90,2.00,2.00,1,-1,-1,-1
32,158,23.06,9.93,2.00,2.00,1,-1,-1,-1
32,157,14.25,20.92,2.00,2.00,1,-1,-1,-1
32,156,13.96,5.93,2.00,2.00,1,-1,-1,-1
32,155,15.00,8.93,2.00,2.00,1,-1,-1,-1
32,154,18.08,0.23,2.00,2.00,1,-1,-1,-1
32,153,18.03,16.01,2.00,2.00,1,-1,-1,-1
32,152,5.00,19.74,2.00,2.00,1,-1,-1,-1
32,151,10.05,14.12,2.00,2.00,1,-1,-1,-1
32,150,14.15,1.03,2.00,2.00,1,-1,-1,-1
32,149,8.08,2.99,2.00,2.00,1,-1,-1,-1
32,148,3.03,9.04,2.00,2.00,1,-1,-1,-1
32,147,4.69,24.09,2.00,2.00,1,-1,-1,-1
32,146,1.02,12.88,2.00,2.00,1,-1,-1,-1
32,145,3.97,14.97,2.00,2.00,1,-1,-1,-1
33,160,26.03,6.02,2.00,2.00,1,-1,-1,-1
33,159,23.96,0.90,2.00,2.00,1,-1,-1,-1
33,158,23.05,9.92,2.00,2.00,1,-1,-1,-1
33,157,14.00,20.92,2.00,2.00,1,-1,-1,-1
33,156,13.95,5.90,2.00,2.00,1,-1,-1,-1
33,155,14.97,8.94,2.00,2.00,1,-1,-1,-1
33,154,18.07,-0.02,2.00,2.00,1,-1,-1,-1
33,153,18.12,15.36,2.00,2.00,1,-1,-1,-1
33,152,5.00,19.98,2.00,2.00,1,-1,-1,-1
33,151,10.08,14.78,2.00,2.00,1,-1,-1,-1
33,150,14.80,1.03,2.00,2.00,1,-1,-1,-1
33,149,8.08,2.96,2.00,2.00,1,-1,-1,-1
33,148,3.06,8.95,2.00,2.00,1,-1,-1,-1
33,147,4.94,24.17,2.00,2.00,1,-1,-1,-1
33,146,1.02,12.86,2.00,2.00,1,-1,-1,-1
33,145,4.06,14.98,2.00,2.00,1,-1,-1,-1
34,160,26.03,5.93,2.00,2.00,1,-1,-1,-1
34,159,23.30,0.91,2.00,2.00,1,-1,-1,-1
34,158,23.05,9.92,2.00,2.00,1,-1,-1,-1
34,157,13.91,20.93,2.00,2.00,1,-1,-1,-1
34,156,13.95,5.25,2.00,2.00,1,-1,-1,-1
34,155,14.96,8.29,2.00,2.00,1,-1,-1,-1
34,154,18.07,-0.10,2.00,2.00,1,-1,-1,-1
34,153,18.14,15.11,2.00,2.00,1,-1,-1,-1
34,152,5.00,20.06,2.00,2.00,1,-1,-1,-1
34,151,10.08,15.02,2.00,2.00,1,-1,-1,-1
34,150,15.04,1.03,2.00,2.00,1,-1,-1,-1
34,149,8.07,2.30,2.00,2.00,1,-1,-1,-1
34,148,3.72,8.93,2.00,2.00,1,-1,-1,-1
34,147,5.03,24.19,2.00,2.00,1,-1,-1,-1
34,146,1.67,12.20,2.00,2.00,1,-1,-1,-1
34,145,4.09,14.98,2.00,2.00,1,-1,-1,-1
35,160,26.03,5.91,2.00,2.00,1,-1,-1,-1
35,159,23.05,0.91,2.00,2.00,1,-1,-1,-1
35,158,23.04,9.93,2.00,2.00,1,-1,-1,-1
35,157,13.23,20.28,2.00,2.00,1,-1,-1,-1
35,156,13.95,5.00,2.00,2.00,1,-1,-1,-1
35,155,14.31,8.05,2.00,2.00,1,-1,-1,-1
35,154,18.71,-0.13,2.00,2.00,1,-1,-1,-1
35,153,18.14,15.02,2.00,2.00,1,-1,-1,-1
35,152,5.65,20.09,2.00,2.00,1,-1,-1,-1
35,151,10.08,15.10,2.00,2.00,1,-1,-1,-1
35,150,15.12,1.03,2.00,2.00,1,-1,-1,-1
35,149,8.06,2.05,2.00,2.00,1,-1,-1,-1
35,148,3.97,8.92,2.00,2.00,1,-1,-1,-1
35,147,5.05,24.84,2.00,2.00,1,-1,-1,-1
35,146,1.92,11.97,2.00,2.00,1,-1,-1,-1
35,145,4.09,14.98,2.00,2.00,1,-1,-1,-1
36,160,26.02,5.90,2.00,2.00,1,-1,-1,-1
36,159,22.96,0.27,2.00,2.00,1,-1,-1,-1
36,158,23.69,9.28,2.00,2.00,1,-1,-1,-1
36,157,12.98,20.04,2.00,2.00,1,-1,-1,-1
36,156,13.96,4.92,2.00,2.00,1,-1,-1,-1
36,155,14.06,7.96,2.00,2.00,1,-1,-1,-1
36,154,18.96,-0.13,2.00,2.00,1,-1,-1,-1
36,153,18.13,14.98,2.00,2.00,1,-1,-1,-1
36,152,5.90,20.09,2.00,2.00,1,-1,-1,-1
36,151,10.07,15.12,2.00,2.00,1,-1,-1,-1
36,150,15.79,1.03,2.00,2.00,1,-1,-1,-1
36,149,7.41,1.96,2.00,2.00,1,-1,-1,-1
36,148,4.06,8.92,2.00,2.00,1,-1,-1,-1
36,147,5.71,25.08,2.00,2.00,1,-1,-1,-1
36,146,2.01,11.89,2.00,2.00,1,-1,-1,-1
36,145,4.74,14.98,2.00,2.00,1,-1,-1,-1
37,160,26.02,5.25,2.00,2.00,1,-1,-1,-1
37,159,22.28,0.03,2.00,2.00,1,-1,-1,-1
37,158,23.93,9.04,2.00,2.00,1,-1,-1,-1
37,157,12.90,19.95,2.00,2.00,1,-1,-1,-1
37,156,13.96,4.90,2.00,2.00,1,-1,-1,-1
37,155,13.97,7.93,2.00,2.00,1,-1,-1,-1
37,154,19.04,-0.77,2.00,2.00,1,-1,-1,-1
37,153,18.12,14.32,2.00,2.00,1,-1,-1,-1
37,152,5.99,20.09,2.00,2.00,1,-1,-1,-1
37,151,10.72,15.77,2.00,2.00,1,-1,-1,-1
37,150,16.04,1.02,2.00,2.00,1,-1,-1,-1
37,149,7.15,1.93,2.00,2.00,1,-1,-1,-1
37,148,4.08,8.28,2.00,2.00,1,-1,-1,-1
37,147,5.96,25.15,2.00,2.00,1,-1,-1,-1
37,146,2.04,11.21,2.00,2.00,1,-1,-1,-1
37,145,4.98,14.98,2.00,2.00,1,-1,-1,-1
38,160,26.02,5.01,2.00,2.00,1,-1,-1,-1
38,159,22.03,-0.06,2.00,2.00,1,-1,-1,-1
38,158,24.02,8.96,2.00,2.00,1,-1,-1,-1
38,157,12.87,19.93,2.00,2.00,1,-1,-1,-1
38,156,13.96,4.89,2.00,2.00,1,-1,-1,-1
38,155,13.94,7.93,2.00,2.00,1,-1,-1,-1
38,154,19.07,-0.36,2.00,2.00,1,-1,-1,-1
38,153,18.11,14.07,2.00,2.00,1,-1,-1,-1
38,152,6.02,20.73,2.00,2.00,1,-1,-1,-1
38,151,10.96,16.01,2.00,2.00,1,-1,-1,-1
38,150,16.12,1.67,2.00,2.00,1,-1,-1,-1
38,149,7.06,1.27,2.00,2.00,1,-1,-1,-1
38,148,4.74,8.04,2.00,2.00,1,-1,-1,-1
38,147,6.05,25.17,2.00,2.00,1,-1,-1,-1
38,146,2.05,10.96,2.00,2.00,1,-1,-1,-1
38,145,5.07,14.33,2.00,2.00,1,-1,-1,-1
39,160,25.37,4.93,2.00,2.00,1,-1,-1,-1
39,159,21.94,-0.08,2.00,2.00,1,-1,-1,-1
39,158,24.05,8.93,2.00,2.00,1,-1,-1,-1
39,157,12.22,19.92,2.00,2.00,1,-1,-1,-1
39,156,13.97,4.25,2.00,2.00,1,-1,-1,-1
39,155,13.94,7.93,2.00,2.00,1,-1,-1,-1
39,154,19.73,-0.19,2.00,2.00,1,-1,-1,-1
39,153,18.10,13.98,2.00,2.00,1,-1,-1,-1
39,152,6.03,20.97,2.00,2.00,1,-1,-1,-1
39,151,11.05,16.10,2.00,2.00,1,-1,-1,-1
39,150,16.14,1.92,2.00,2.00,1,-1,-1,-1
39,149,7.02,1.03,2.00,2.00,1,-1,-1,-1
39,148,4.98,7.95,2.00,2.00,1,-1,-1,-1
39,147,6.73,25.17,2.00,2.00,1,-1,-1,-1
39,146,2.05,10.88,2.00,2.00,1,-1,-1,-1
39,145,5.09,14.09,2.00,2.00,1,-1,-1,-1
40,160,25.12,4.91,2.00,2.00,1,-1,-1,-1
40,159,21.26,-0.09,2.00,2.00,1,-1,-1,-1
40,158,24.06,8.92,2.00,2.00,1,-1,-1,-1
40,157,11.98,19.27,2.00,2.00,1,-1,-1,-1
40,156,13.97,4.01,2.00,2.00,1,-1,-1,-1
40,155,13.94,7.93,2.00,2.00,1,-1,-1,-1
40,154,19.97,-0.12,2.00,2.00,1,-1,-1,-1
40,153,18.09,13.30,2.00,2.00,1,-1,-1,-1
40,152,6.04,21.06,2.00,2.00,1,-1,-1,-1
40,151,11.07,16.12,2.00,2.00,1,-1,-1,-1
40,150,16.14,2.01,2.00,2.00,1,-1,-1,-1
40,149,7.01,0.94,2.00,2.00,1,-1,-1,-1
40,148,5.07,7.92,2.00,2.00,1,-1,-1,-1
40,147,6.98,25.15,2.00,2.00,1,-1,-1,-1
40,146,2.04,10.21,2.00,2.00,1,-1,-1,-1
40,145,5.09,14.00,2.00,2.00,1,-1,-1,-1
41,160,25.02,4.25,2.00,2.00,1,-1,-1,-1
41,159,21.01,-0.08,2.00,2.00,1,-1,-1,-1
41,158,24.06,8.93,2.00,2.00,1,-1,-1,-1
41,157,11.90,19.03,2.00,2.00,1,-1,-1,-1
41,156,13.32,3.92,2.00,2.00,1,-1,-1,-1
41,155,13.94,7.29,2.00,2.00,1,-1,-1,-1
41,154,20.06,-0.09,2.00,2.00,1,-1,-1,-1
41,153,18.08,13.04,2.00,2.00,1,-1,-1,-1
41,152,6.69,21.08,2.00,2.00,1,-1,-1,-1
41,151,11.08,16.77,2.00,2.00,1,-1,-1,-1
41,150,16.13,2.04,2.00,2.00,1,-1,-1,-1
41,149,7.00,0.92,2.00,2.00,1,-1,-1,-1
41,148,5.09,7.92,2.00,2.00,1,-1,-1,-1
41,147,7.07,25.79,2.00,2.00,1,-1,-1,-1
41,146,2.04,9.96,2.00,2.00,1,-1,-1,-1
41,145,5.74,13.97,2.00,2.00,1,-1,-1,-1
42,160,24.99,4.01,2.00,2.00,1,-1,-1,-1
42,159,20.92,-0.08,2.00,2.00,1,-1,-1,-1
42,158,24.05,8.93,2.00,2.00,1,-1,-1,-1
42,157,11.88,18.94,2.00,2.00,1,-1,-1,-1
42,156,13.08,3.90,2.00,2.00,1,-1,-1,-1
42,155,13.95,7.05,2.00,2.00,1,-1,-1,-1
42,154,20.09,-0.08,2.00,2.00,1,-1,-1,-1
42,153,18.07,12.95,2.00,2.00,1,-1,-1,-1
42,152,6.93,21.09,2.00,2.00,1,-1,-1,-1
42,151,11.08,17.01,2.00,2.00,1,-1,-1,-1
42,150,16.12,2.05,2.00,2.00,1,-1,-1,-1
42,149,7.00,0.91,2.00,2.00,1,-1,-1,-1
42,148,5.10,7.92,2.00,2.00,1,-1,-1,-1
42,147,7.75,26.03,2.00,2.00,1,-1,-1,-1
42,146,2.04,9.88,2.00,2.00,1,-1,-1,-1
42,145,5.98,13.96,2.00,2.00,1,-1,-1,-1
43,160,24.98,3.92,2.00,2.00,1,-1,-1,-1
43,158,24.70,8.94,2.00,2.00,1,-1,-1,-1
43,157,11.22,18.92,2.00,2.00,1,-1,-1,-1
43,156,12.99,3.90,2.00,2.00,1,-1,-1,-1
43,155,13.30,6.96,2.00,2.00,1,-1,-1,-1
43,154,20.09,-0.07,2.00,2.00,1,-1,-1,-1
43,153,17.41,12.92,2.00,2.00,1,-1,-1,-1
43,152,7.02,21.09,2.00,2.00,1,-1,-1,-1
43,151,11.07,17.10,2.00,2.00,1,-1,-1,-1
43,150,16.11,2.70,2.00,2.00,1,-1,-1,-1
43,149,6.34,0.92,2.00,2.00,1,-1,-1,-1
43,148,5.75,7.27,2.00,2.00,1,-1,-1,-1
43,147,8.00,26.11,2.00,2.00,1,-1,-1,-1
43,146,1.38,9.86,2.00,2.00,1,-1,-1,-1
43,145,6.07,13.96,2.00,2.00,1,-1,-1,-1
44,160,24.98,3.90,2.00,2.00,1,-1,-1,-1
44,159,20.88,0.69,2.00,2.00,1,-1,-1,-1
44,158,24.95,8.29,2.00,2.00,1,-1,-1,-1
44,157,10.98,18.91,2.00,2.00,1,-1,-1,-1
44,156,12.96,3.90,2.00,2.00,1,-1,-1,-1
44,155,13.06,6.93,2.00,2.00,1,-1,-1,-1
44,154,20.09,-0.06,2.00,2.00,1,-1,-1,-1
44,153,17.16,12.26,2.00,2.00,1,-1,-1,-1
44,152,7.05,21.73,2.00,2.00,1,-1,-1,-1
44,151,11.72,17.77,2.00,2.00,1,-1,-1,-1
44,150,16.10,2.95,2.00,2.00,1,-1,-1,-1
44,149,6.10,0.92,2.00,2.00,1,-1,-1,-1
44,148,5.99,7.03,2.00,2.00,1,-1,-1,-1
44,147,8.09,26.13,2.00,2.00,1,-1,-1,-1
44,146,1.13,9.20,2.00,2.00,1,-1,-1,-1
44,145,6.09,13.96,2.00,2.00,1,-1,-1,-1
45,160,24.98,3.90,2.00,2.00,1,-1,-1,-1
45,159,20.90,0.89,2.00,2.00,1,-1,-1,-1
45,158,25.03,8.05,2.00,2.00,1,-1,-1,-1
45,157,10.90,18.92,2.00,2.00,1,-1,-1,-1
45,156,12.95,3.26,2.00,2.00,1,-1,-1,-1
45,155,12.97,6.93,2.00,2.00,1,-1,-1,-1
45,154,20.08,-0.05,2.00,2.00,1,-1,-1,-1
45,153,17.06,12.02,2.00,2.00,1,-1,-1,-1
45,152,7.06,21.97,2.00,2.00,1,-1,-1,-1
45,151,11.96,18.02,2.00,2.00,1,-1,-1,-1
45,150,16.09,3.03,2.00,2.00,1,-1,-1,-1
45,149,6.01,0.93,2.00,2.00,1,-1,-1,-1
45,148,6.07,6.95,2.00,2.00,1,-1,-1,-1
45,147,8.76,26.13,2.00,2.00,1,-1,-1,-1
45,146,1.04,8.97,2.00,2.00,1,-1,-1,-1
45,145,6.10,13.96,2.00,2.00,1,-1,-1,-1
46,160,24.98,3.25,2.00,2.00,1,-1,-1,-1
46,159,20.90,0.96,2.00,2.00,1,-1,-1,-1
46,158,25.06,7.96,2.00,2.00,1,-1,-1,-1
46,157,10.22,18.92,2.00,2.00,1,-1,-1,-1
46,156,12.95,3.02,2.00,2.00,1,-1,-1,-1
46,155,12.94,6.93,2.00,2.00,1,-1,-1,-1
46,154,19.42,-0.05,2.00,2.00,1,-1,-1,-1
46,153,17.02,11.93,2.00,2.00,1,-1,-1,-1
46,152,7.06,22.06,2.00,2.00,1,-1,-1,-1
46,151,12.04,18.11,2.00,2.00,1,-1,-1,-1
46,150,16.08,3.06,2.00,2.00,1,-1,-1,-1
46,149,5.97,0.94,2.00,2.00,1,-1,-1,-1
46,148,6.10,6.92,2.00,2.00,1,-1,-1,-1
46,147,9.01,26.12,2.00,2.00,1,-1,-1,-1
46,146,1.00,8.88,2.00,2.00,1,-1,-1,-1
46,145,6.74,13.97,2.00,2.00,1,-1,-1,-1
47,160,24.98,3.01,2.00,2.00,1,-1,-1,-1
47,159,20.91,1.63,2.00,2.00,1,-1,-1,-1
47,158,25.07,7.93,2.00,2.00,1,-1,-1,-1
47,157,9.98,18.28,2.00,2.00,1,-1,-1,-1
47,156,12.30,2.93,2.00,2.00,1,-1,-1,-1
47,155,12.93,6.93,2.00,2.00,1,-1,-1,-1
47,154,19.17,-0.04,2.00,2.00,1,-1,-1,-1
47,153,16.36,11.91,2.00,2.00,1,-1,-1,-1
47,152,7.71,22.08,2.00,2.00,1,-1,-1,-1
47,151,12.07,18.78,2.00,2.00,1,-1,-1,-1
47,150,16.07,3.07,2.00,2.00,1,-1,-1,-1
47,149,5.96,0.94,2.00,2.00,1,-1,-1,-1
47,148,6.10,6.92,2.00,2.00,1,-1,-1,-1
47,147,9.10,26.11,2.00,2.00,1,-1,-1,-1
47,146,0.99,8.21,2.00,2.00,1,-1,-1,-1
47,145,6.98,13.97,2.00,2.00,1,-1,-1,-1
48,160,24.98,2.92,2.00,2.00,1,-1,-1,-1
48,159,20.92,1.89,2.00,2.00,1,-1,-1,-1
48,158,25.07,7.93,2.00,2.00,1,-1,-1,-1
48,157,9.89,18.04,2.00,2.00,1,-1,-1,-1
48,156,12.06,2.91,2.00,2.00,1,-1,-1,-1
48,155,12.94,6.94,2.00,2.00,1,-1,-1,-1
48,154,19.07,-0.04,2.00,2.00,1,-1,-1,-1
48,153,16.10,11.91,2.00,2.00,1,-1,-1,-1
48,152,7.95,22.09,2.00,2.00,1,-1,-1,-1
48,151,12.08,19.03,2.00,2.00,1,-1,-1,-1
48,150,16.07,3.72,2.00,2.00,1,-1,-1,-1
48,149,5.31,0.95,2.00,2.00,1,-1,-1,-1
48,148,6.09,6.27,2.00,2.00,1,-1,-1,-1
48,147,9.78,26.10,2.00,2.00,1,-1,-1,-1
48,146,0.98,7.96,2.00,2.00,1,-1,-1,-1
48,145,7.07,13.97,2.00,2.00,1,-1,-1,-1
49,160,24.98,2.90,2.00,2.00,1,-1,-1,-1
49,159,20.93,1.99,2.00,2.00,1,-1,-1,-1
49,158,25.06,7.93,2.00,2.00,1,-1,-1,-1
49,157,9.22,17.95,2.00,2.00,1,-1,-1,-1
49,156,11.97,2.90,2.00,2.00,1,-1,-1,-1
49,155,12.29,6.29,2.00,2.00,1,-1,-1,-1
49,154,18.38,-0.04,2.00,2.00,1,-1,-1,-1
49,153,16.01,11.91,2.00,2.00,1,-1,-1,-1
49,152,8.04,22.08,2.00,2.00,1,-1,-1,-1
49,151,12.07,19.77,2.00,2.00,1,-1,-1,-1
49,150,16.06,3.96,2.00,2.00,1,-1,-1,-1
49,149,5.06,0.95,2.00,2.00,1,-1,-1,-1
49,148,6.09,6.03,2.00,2.00,1,-1,-1,-1
49,147,10.02,26.09,2.00,2.00,1,-1,-1,-1
49,146,0.98,7.88,2.00,2.00,1,-1,-1,-1
49,145,7.09,13.32,2.00,2.00,1,-1,-1,-1
50,160,24.33,2.90,2.00,2.00,1,-1,-1,-1
50,159,20.93,2.67,2.00,2.00,1,-1,-1,-1
50,158,25.06,7.94,2.00,2.00,1,-1,-1,-1
50,157,8.97,17.92,2.00,2.00,1,-1,-1,-1
50,156,11.94,2.91,2.00,2.00,1,-1,-1,-1
50,155,12.04,6.05,2.00,2.00,1,-1,-1,-1
50,154,18.12,-0.03,2.00,2.00,1,-1,-1,-1
50,153,15.98,11.92,2.00,2.00,1,-1,-1,-1
50,152,8.06,22.08,2.00,2.00,1,-1,-1,-1
50,151,12.07,20.04,2.00,2.00,1,-1,-1,-1
50,150,16.06,4.05,2.00,2.00,1,-1,-1,-1
50,149,4.98,0.96,2.00,2.00,1,-1,-1,-1
50,148,6.08,5.94,2.00,2.00,1,-1,-1,-1
50,147,10.11,26.08,2.00,2.00,1,-1,-1,-1
50,146,0.33,7.86,2.00,2.00,1,-1,-1,-1
50,145,7.75,13.08,2.00,2.00,1,-1,-1,-1
51,160,24.09,2.90,2.00,2.00,1,-1,-1,-1
51,159,20.94,2.93,2.00,2.00,1,-1,-1,-1
51,158,25.05,7.29,2.00,2.00,1,-1,-1,-1
51,157,8.23,17.92,2.00,2.00,1,-1,-1,-1
51,156,11.28,2.92,2.00,2.00,1,-1,-1,-1
51,155,11.96,5.96,2.00,2.00,1,-1,-1,-1
51,154,18.02,-0.03,2.00,2.00,1,-1,-1,-1
51,153,15.31,11.92,2.00,2.00,1,-1,-1,-1
51,152,8.07,22.72,2.00,2.00,1,-1,-1,-1
51,151,12.06,20.13,2.00,2.00,1,-1,-1,-1
51,150,15.40,4.08,2.00,2.00,1,-1,-1,-1
51,149,4.95,0.96,2.00,2.00,1,-1,-1,-1
51,148,6.07,5.91,2.00,2.00,1,-1,-1,-1
51,147,10.79,26.08,2.00,2.00,1,-1,-1,-1
51,146,0.09,7.21,2.00,2.00,1,-1,-1,-1
51,145,7.99,12.99,2.00,2.00,1,-1,-1,-1
52,160,24.00,2.26,2.00,2.00,1,-1,-1,-1
52,159,21.60,3.03,2.00,2.00,1,-1,-1,-1
52,158,25.05,7.05,2.00,2.00,1,-1,-1,-1
52,157,7.96,17.92,2.00,2.00,1,-1,-1,-1
52,156,11.03,2.92,2.00,2.00,1,-1,-1,-1
52,155,11.93,5.94,2.00,2.00,1,-1,-1,-1
52,154,17.33,-0.03,2.00,2.00,1,-1,-1,-1
52,153,15.07,11.93,2.00,2.00,1,-1,-1,-1
52,152,8.07,22.96,2.00,2.00,1,-1,-1,-1
52,151,11.40,20.80,2.00,2.00,1,-1,-1,-1
52,150,15.15,4.08,2.00,2.00,1,-1,-1,-1
52,149,4.94,0.31,2.00,2.00,1,-1,-1,-1
52,148,6.06,5.91,2.00,2.00,1,-1,-1,-1
52,147,11.03,26.07,2.00,2.00,1,-1,-1,-1
52,146,-0.00,6.97,2.00,2.00,1,-1,-1,-1
52,145,8.08,12.96,2.00,2.00,1,-1,-1,-1
53,160,23.96,2.02,2.00,2.00,1,-1,-1,-1
53,159,21.85,3.06,2.00,2.00,1,-1,-1,-1
53,158,25.04,6.96,2.00,2.00,1,-1,-1,-1
53,157,7.22,17.93,2.00,2.00,1,-1,-1,-1
53,156,10.95,2.93,2.00,2.00,1,-1,-1,-1
53,155,11.93,5.93,2.00,2.00,1,-1,-1,-1
53,154,17.07,-0.02,2.00,2.00,1,-1,-1,-1
53,153,14.98,11.94,2.00,2.00,1,-1,-1,-1
53,152,8.72,23.05,2.00,2.00,1,-1,-1,-1
53,151,11.15,21.05,2.00,2.00,1,-1,-1,-1
53,150,15.05,4.08,2.00,2.00,1,-1,-1,-1
53,149,4.94,0.07,2.00,2.00,1,-1,-1,-1
53,148,6.06,5.26,2.00,2.00,1,-1,-1,-1
53,147,11.12,26.06,2.00,2.00,1,-1,-1,-1
53,146,-0.04,6.89,2.00,2.00,1,-1,-1,-1
53,145,8.10,12.95,2.00,2.00,1,-1,-1,-1
54,160,23.30,1.93,2.00,2.00,1,-1,-1,-1
54,159,21.95,3.72,2.00,2.00,1,-1,-1,-1
54,158,25.69,6.93,2.00,2.00,1,-1,-1,-1
54,157,6.95,17.93,2.00,2.00,1,-1,-1,-1
54,156,10.92,2.94,2.00,2.00,1,-1,-1,-1
54,155,11.93,5.93,2.00,2.00,1,-1,-1,-1
54,154,16.98,-0.02,2.00,2.00,1,-1,-1,-1
54,153,14.29,11.94,2.00,2.00,1,-1,-1,-1
54,152,8.96,23.08,2.00,2.00,1,-1,-1,-1
54,151,11.06,21.79,2.00,2.00,1,-1,-1,-1
54,150,15.01,4.72,2.00,2.00,1,-1,-1,-1
54,149,4.29,-0.02,2.00,2.00,1,-1,-1,-1
54,148,6.05,5.02,2.00,2.00,1,-1,-1,-1
54,147,11.79,26.06,2.00,2.00,1,-1,-1,-1
54,146,-0.04,6.87,2.00,2.00,1,-1,-1,-1
54,145,8.10,12.95,2.00,2.00,1,-1,-1,-1
55,160,23.06,1.91,2.00,2.00,1,-1,-1,-1
55,159,21.98,3.96,2.00,2.00,1,-1,-1,-1
55,158,25.93,6.93,2.00,2.00,1,-1,-1,-1
55,157,6.20,17.94,2.00,2.00,1,-1,-1,-1
55,156,10.26,2.94,2.00,2.00,1,-1,-1,-1
55,155,11.93,5.94,2.00,2.00,1,-1,-1,-1
55,154,16.29,-0.02,2.00,2.00,1,-1,-1,-1
55,153,14.04,11.95,2.00,2.00,1,-1,-1,-1
55,152,9.04,23.08,2.00,2.00,1,-1,-1,-1
55,151,11.02,22.05,2.00,2.00,1,-1,-1,-1
55,150,14.35,4.97,2.00,2.00,1,-1,-1,-1
55,149,4.05,-0.05,2.00,2.00,1,-1,-1,-1
55,148,6.05,4.94,2.00,2.00,1,-1,-1,-1
55,147,12.04,25.40,2.00,2.00,1,-1,-1,-1
55,146,-0.04,6.21,2.00,2.00,1,-1,-1,-1
55,145,8.75,12.95,2.00,2.00,1,-1,-1,-1
56,160,22.97,1.91,2.00,2.00,1,-1,-1,-1
56,159,22.00,4.05,2.00,2.00,1,-1,-1,-1
56,158,26.02,6.93,2.00,2.00,1,-1,-1,-1
56,157,5.93,17.95,2.00,2.00,1,-1,-1,-1
56,156,10.02,2.95,2.00,2.00,1,-1,-1,-1
56,155,11.29,5.29,2.00,2.00,1,-1,-1,-1
56,154,16.04,-0.02,2.00,2.00,1,-1,-1,-1
56,153,13.95,11.95,2.00,2.00,1,-1,-1,-1
56,152,9.07,23.08,2.00,2.00,1,-1,-1,-1
56,151,11.00,22.14,2.00,2.00,1,-1,-1,-1
56,150,14.10,5.05,2.00,2.00,1,-1,-1,-1
56,149,3.96,-0.06,2.00,2.00,1,-1,-1,-1
56,148,6.04,4.91,2.00,2.00,1,-1,-1,-1
56,147,12.12,25.15,2.00,2.00,1,-1,-1,-1
56,146,-0.04,5.97,2.00,2.00,1,-1,-1,-1
56,145,8.99,12.96,2.00,2.00,1,-1,-1,-1
57,160,22.94,1.26,2.00,2.00,1,-1,-1,-1
57,159,22.00,4.73,2.00,2.00,1,-1,-1,-1
57,158,26.05,6.28,2.00,2.00,1,-1,-1,-1
57,157,5.19,17.95,2.00,2.00,1,-1,-1,-1
57,156,9.93,2.95,2.00,2.00,1,-1,-1,-1
57,155,11.04,5.05,2.00,2.00,1,-1,-1,-1
57,154,15.95,-0.02,2.00,2.00,1,-1,-1,-1
57,153,13.92,12.61,2.00,2.00,1,-1,-1,-1
57,152,9.08,23.07,2.00,2.00,1,-1,-1,-1
57,151,11.00,22.82,2.00,2.00,1,-1,-1,-1
57,150,14.00,5.08,2.00,2.00,1,-1,-1,-1
57,149,3.93,-0.06,2.00,2.00,1,-1,-1,-1
57,148,6.04,4.91,2.00,2.00,1,-1,-1,-1
57,147,12.14,25.05,2.00,2.00,1,-1,-1,-1
57,146,-0.04,5.89,2.00,2.00,1,-1,-1,-1
57,145,9.08,12.96,2.00,2.00,1,-1,-1,-1
58,160,22.93,1.02,2.00,2.00,1,-1,-1,-1
58,159,22.00,4.98,2.00,2.00,1,-1,-1,-1
58,158,26.06,6.04,2.00,2.00,1,-1,-1,-1
58,157,4.92,17.96,2.00,2.00,1,-1,-1,-1
58,156,9.91,2.96,2.00,2.00,1,-1,-1,-1
58,155,10.96,4.96,2.00,2.00,1,-1,-1,-1
58,154,15.27,-0.01,2.00,2.00,1,-1,-1,-1
58,153,13.26,12.86,2.00,2.00,1,-1,-1,-1
58,152,9.73,23.07,2.00,2.00,1,-1,-1,-1
58,151,11.00,23.06,2.00,2.00,1,-1,-1,-1
58,150,13.32,5.08,2.00,2.00,1,-1,-1,-1
58,149,3.93,-0.05,2.00,2.00,1,-1,-1,-1
58,148,6.04,4.26,2.00,2.00,1,-1,-1,-1
58,147,12.80,25.01,2.00,2.00,1,-1,-1,-1
58,146,-0.04,5.87,2.00,2.00,1,-1,-1,-1
58,145,9.10,12.96,2.00,2.00,1,-1,-1,-1
59,160,22.28,0.93,2.00,2.00,1,-1,-1,-1
59,159,22.00,5.07,2.00,2.00,1,-1,-1,-1
59,158,26.06,5.95,2.00,2.00,1,-1,-1,-1
59,157,4.83,17.96,2.00,2.00,1,-1,-1,-1
59,155,10.93,4.93,2.00,2.00,1,-1,-1,-1
59,154,15.01,-0.01,2.00,2.00,1,-1,-1,-1
59,153,13.02,12.96,2.00,2.00,1,-1,-1,-1
59,152,9.97,23.06,2.00,2.00,1,-1,-1,-1
59,151,11.00,23.15,2.00,2.00,1,-1,-1,-1
59,150,13.06,5.08,2.00,2.00,1,-1,-1,-1
59,149,3.28,-0.05,2.00,2.00,1,-1,-1,-1
59,148,6.03,4.02,2.00,2.00,1,-1,-1,-1
59,147,13.03,24.35,2.00,2.00,1,-1,-1,-1
59,146,-0.03,5.22,2.00,2.00,1,-1,-1,-1
59,145,9.10,12.31,2.00,2.00,1,-1,-1,-1
60,160,22.04,0.91,2.00,2.00,1,-1,-1,-1
60,159,22.00,5.75,2.00,2.00,1,-1,-1,-1
60,158,26.05,5.93,2.00,2.00,1,-1,-1,-1
60,157,4.16,17.96,2.00,2.00,1,-1,-1,-1
60,155,10.92,4.93,2.00,2.00,1,-1,-1,-1
60,154,14.93,-0.01,2.00,2.00,1,-1,-1,-1
60,153,12.93,12.99,2.00,2.00,1,-1,-1,-1
60,152,10.05,23.05,2.00,2.00,1,-1,-1,-1
60,151,10.34,23.82,2.00,2.00,1,-1,-1,-1
60,150,12.97,5.07,2.00,2.00,1,-1,-1,-1
60,149,3.04,-0.04,2.00,2.00,1,-1,-1,-1
60,148,6.03,3.93,2.00,2.00,1,-1,-1,-1
60,147,13.11,24.10,2.00,2.00,1,-1,-1,-1
60,146,-0.03,4.98,2.00,2.00,1,-1,-1,-1
60,145,9.10,12.07,2.00,2.00,1,-1,-1,-1
61,160,21.95,0.90,2.00,2.00,1,-1,-1,-1
61,159,22.00,6.00,2.00,2.00,1,-1,-1,-1
61,158,26.05,5.92,2.00,2.00,1,-1,-1,-1
61,157,3.92,17.97,2.00,2.00,1,-1,-1,-1
61,155,10.27,4.93,2.00,2.00,1,-1,-1,-1
61,154,14.90,-0.01,2.00,2.00,1,-1,-1,-1
61,153,12.91,13.66,2.00,2.00,1,-1,-1,-1
61,152,10.08,23.05,2.00,2.00,1,-1,-1,-1
61,151,10.10,24.06,2.00,2.00,1,-1,-1,-1
61,150,12.28,5.07,2.00,2.00,1,-1,-1,-1
61,149,2.95,-0.04,2.00,2.00,1,-1,-1,-1
61,148,6.03,3.91,2.00,2.00,1,-1,-1,-1
61,147,13.79,24.00,2.00,2.00,1,-1,-1,-1
61,146,-0.03,4.90,2.00,2.00,1,-1,-1,-1
61,145,9.09,11.98,2.00,2.00,1,-1,-1,-1
62,160,21.92,0.91,2.00,2.00,1,-1,-1,-1
62,159,22.66,6.09,2.00,2.00,1,-1,-1,-1
62,158,26.05,5.92,2.00,2.00,1,-1,-1,-1
62,157,3.18,17.97,2.00,2.00,1,-1,-1,-1
62,155,10.03,4.93,2.00,2.00,1,-1,-1,-1
62,154,14.24,-0.01,2.00,2.00,1,-1,-1,-1
62,153,12.90,13.91,2.00,2.00,1,-1,-1,-1
62,152,10.09,23.04,2.00,2.00,1,-1,-1,-1
62,151,10.66,24.14,2.00,2.00,1,-1,-1,-1
62,150,12.03,5.06,2.00,2.00,1,-1,-1,-1
62,149,2.92,-0.04,2.00,2.00,1,-1,-1,-1
62,148,6.02,3.25,2.00,2.00,1,-1,-1,-1
62,147,14.04,23.97,2.00,2.00,1,-1,-1,-1
62,146,0.63,4.22,2.00,2.00,1,-1,-1,-1
62,145,9.08,11.95,2.00,2.00,1,-1,-1,-1
63,160,21.27,0.26,2.00,2.00,1,-1,-1,-1
63,159,22.90,6.11,2.00,2.00,1,-1,-1,-1
63,158,26.04,5.28,2.00,2.00,1,-1,-1,-1
63,157,2.92,17.97,2.00,2.00,1,-1,-1,-1
63,155,9.95,4.94,2.00,2.00,1,-1,-1,-1
63,154,14.00,0.64,2.00,2.00,1,-1,-1,-1
63,153,12.25,14.00,2.00,2.00,1,-1,-1,-1
63,152,10.08,23.04,2.00,2.00,1,-1,-1,-1
63,151,10.87,24.16,2.00,2.00,1,-1,-1,-1
63,150,11.94,4.40,2.00,2.00,1,-1,-1,-1
63,149,2.92,-0.03,2.00,2.00,1,-1,-1,-1
63,148,6.02,3.01,2.00,2.00,1,-1,-1,-1
63,147,14.12,23.96,2.00,2.00,1,-1,-1,-1
63,146,0.88,3.97,2.00,2.00,1,-1,-1,-1
63,145,9.73,11.94,2.00,2.00,1,-1,-1,-1
