0,24,21.00,26.00,2.00,2.00,1,-1,-1,-1
0,23,20.00,13.00,2.00,2.00,1,-1,-1,-1
1,24,21.00,26.00,2.00,2.00,1,-1,-1,-1
1,23,20.00,12.00,2.00,2.00,1,-1,-1,-1
2,24,21.00,26.00,2.00,2.00,1,-1,-1,-1
2,23,20.00,11.94,2.00,2.00,1,-1,-1,-1
3,24,21.85,26.00,2.00,2.00,1,-1,-1,-1
3,23,20.00,11.96,2.00,2.00,1,-1,-1,-1
4,24,22.06,26.00,2.00,2.00,1,-1,-1,-1
4,23,20.00,11.97,2.00,2.00,1,-1,-1,-1
5,24,22.11,26.00,2.00,2.00,1,-1,-1,-1
5,23,20.00,11.23,2.00,2.00,1,-1,-1,-1
6,24,22.11,26.00,2.00,2.00,1,-1,-1,-1
6,23,20.00,11.00,2.00,2.00,1,-1,-1,-1
7,24,22.79,25.30,2.00,2.00,1,-1,-1,-1
7,23,20.00,10.92,2.00,2.00,1,-1,-1,-1
8,24,23.03,25.05,2.00,2.00,1,-1,-1,-1
8,23,20.00,10.91,2.00,2.00,1,-1,-1,-1
9,24,23.10,24.97,2.00,2.00,1,-1,-1,-1
9,23,19.32,10.23,2.00,2.00,1,-1,-1,-1
10,24,23.12,24.94,2.00,2.00,1,-1,-1,-1
10,23,19.07,9.99,2.00,2.00,1,-1,-1,-1
11,24,23.11,24.27,2.00,2.00,1,-1,-1,-1
11,23,19.65,9.91,2.00,2.00,1,-1,-1,-1
12,24,23.10,24.03,2.00,2.00,1,-1,-1,-1
12,23,19.87,9.89,2.00,2.00,1,-1,-1,-1
13,24,23.09,23.94,2.00,2.00,1,-1,-1,-1
13,23,19.96,9.23,2.00,2.00,1,-1,-1,-1
14,24,23.08,23.92,2.00,2.00,1,-1,-1,-1
14,23,19.99,8.99,2.00,2.00,1,-1,-1,-1
15,24,23.07,23.25,2.00,2.00,1,-1,-1,-1
15,23,20.00,8.91,2.00,2.00,1,-1,-1,-1
16,24,23.07,23.01,2.00,2.00,1,-1,-1,-1
16,23,20.00,8.89,2.00,2.00,1,-1,-1,-1
17,24,23.06,22.93,2.00,2.00,1,-1,-1,-1
17,23,20.00,8.89,2.00,2.00,1,-1,-1,-1
18,24,23.71,22.25,2.00,2.00,1,-1,-1,-1
18,23,20.00,8.24,2.00,2.00,1,-1,-1,-1
19,24,23.95,22.00,2.00,2.00,1,-1,-1,-1
19,23,20.00,8.00,2.00,2.00,1,-1,-1,-1
20,24,24.04,21.91,2.00,2.00,1,-1,-1,-1
20,23,20.00,7.92,2.00,2.00,1,-1,-1,-1
21,24,23.41,21.89,2.00,2.00,1,-1,-1,-1
21,23,20.00,7.89,2.00,2.00,1,-1,-1,-1
22,24,23.17,21.23,2.00,2.00,1,-1,-1,-1
22,23,20.00,7.24,2.00,2.00,1,-1,-1,-1
23,24,23.08,20.99,2.00,2.00,1,-1,-1,-1
23,23,20.00,7.00,2.00,2.00,1,-1,-1,-1
24,24,23.04,20.91,2.00,2.00,1,-1,-1,-1
24,23,20.00,6.91,2.00,2.00,1,-1,-1,-1
25,24,23.02,20.88,2.00,2.00,1,-1,-1,-1
25,23,19.35,6.89,2.00,2.00,1,-1,-1,-1
26,24,23.02,20.23,2.00,2.00,1,-1,-1,-1
26,23,19.10,6.89,2.00,2.00,1,-1,-1,-1
27,24,23.01,19.99,2.00,2.00,1,-1,-1,-1
27,23,19.01,6.24,2.00,2.00,1,-1,-1,-1
28,24,23.01,19.91,2.00,2.00,1,-1,-1,-1
28,23,18.98,6.00,2.00,2.00,1,-1,-1,-1
29,24,23.01,19.88,2.00,2.00,1,-1,-1,-1
29,23,18.97,5.92,2.00,2.00,1,-1,-1,-1
30,24,23.01,19.23,2.00,2.00,1,-1,-1,-1
30,23,18.97,5.90,2.00,2.00,1,-1,-1,-1
31,24,23.01,18.99,2.00,2.00,1,-1,-1,-1
31,23,18.31,5.24,2.00,2.00,1,-1,-1,-1
32,24,23.66,18.91,2.00,2.00,1,-1,-1,-1
32,23,18.07,5.00,2.00,2.00,1,-1,-1,-1
33,24,23.91,18.88,2.00,2.00,1,-1,-1,-1
33,23,17.98,4.91,2.00,2.00,1,-1,-1,-1
34,24,24.00,18.23,2.00,2.00,1,-1,-1,-1
34,23,17.95,4.89,2.00,2.00,1,-1,-1,-1
35,24,24.03,17.99,2.00,2.00,1,-1,-1,-1
35,23,17.94,4.89,2.00,2.00,1,-1,-1,-1
36,24,24.04,17.91,2.00,2.00,1,-1,-1,-1
36,23,17.94,4.24,2.00,2.00,1,-1,-1,-1
37,24,24.04,17.88,2.00,2.00,1,-1,-1,-1
37,23,17.95,4.00,2.00,2.00,1,-1,-1,-1
38,24,24.69,17.23,2.00,2.00,1,-1,-1,-1
38,23,17.95,3.92,2.00,2.00,1,-1,-1,-1
39,24,24.93,16.99,2.00,2.00,1,-1,-1,-1
39,23,17.96,3.90,2.00,2.00,1,-1,-1,-1
40,24,25.02,16.90,2.00,2.00,1,-1,-1,-1
40,23,17.96,3.24,2.00,2.00,1,-1,-1,-1
41,24,25.05,16.88,2.00,2.00,1,-1,-1,-1
41,23,17.96,3.00,2.00,2.00,1,-1,-1,-1
42,24,25.06,16.23,2.00,2.00,1,-1,-1,-1
42,23,17.97,2.92,2.00,2.00,1,-1,-1,-1
43,24,25.06,15.99,2.00,2.00,1,-1,-1,-1
43,23,17.97,2.24,2.00,2.00,1,-1,-1,-1
44,24,25.05,15.90,2.00,2.00,1,-1,-1,-1
44,23,17.97,1.99,2.00,2.00,1,-1,-1,-1
45,24,25.05,15.88,2.00,2.00,1,-1,-1,-1
45,23,17.98,1.90,2.00,2.00,1,-1,-1,-1
46,24,25.05,15.23,2.00,2.00,1,-1,-1,-1
46,23,17.33,1.88,2.00,2.00,1,-1,-1,-1
47,24,25.04,14.99,2.00,2.00,1,-1,-1,-1
47,23,17.08,1.88,2.00,2.00,1,-1,-1,-1
48,24,25.69,14.90,2.00,2.00,1,-1,-1,-1
48,23,16.99,1.88,2.00,2.00,1,-1,-1,-1
49,24,25.93,14.88,2.00,2.00,1,-1,-1,-1
49,23,16.96,1.24,2.00,2.00,1,-1,-1,-1
50,24,26.02,14.23,2.00,2.00,1,-1,-1,-1
50,23,16.30,1.00,2.00,2.00,1,-1,-1,-1
51,24,26.05,13.99,2.00,2.00,1,-1,-1,-1
51,23,16.05,0.92,2.00,2.00,1,-1,-1,-1
52,24,26.06,13.90,2.00,2.00,1,-1,-1,-1
52,23,15.96,0.90,2.00,2.00,1,-1,-1,-1
53,24,26.06,13.88,2.00,2.00,1,-1,-1,-1
53,23,15.28,0.89,2.00,2.00,1,-1,-1,-1
54,24,26.71,13.23,2.00,2.00,1,-1,-1,-1
54,23,15.03,0.90,2.00,2.00,1,-1,-1,-1
55,24,26.30,12.99,2.00,2.00,1,-1,-1,-1
55,23,14.94,0.91,2.00,2.00,1,-1,-1,-1
56,24,26.14,12.90,2.00,2.00,1,-1,-1,-1
56,23,14.91,0.92,2.00,2.00,1,-1,-1,-1
57,24,26.07,12.88,2.00,2.00,1,-1,-1,-1
57,23,14.25,0.27,2.00,2.00,1,-1,-1,-1
58,24,26.05,12.23,2.00,2.00,1,-1,-1,-1
58,23,14.01,0.03,2.00,2.00,1,-1,-1,-1
59,24,26.03,11.99,2.00,2.00,1,-1,-1,-1
59,23,13.93,-0.05,2.00,2.00,1,-1,-1,-1
60,24,26.03,11.90,2.00,2.00,1,-1,-1,-1
60,23,13.90,-0.08,2.00,2.00,1,-1,-1,-1
61,24,26.02,11.88,2.00,2.00,1,-1,-1,-1
61,23,13.24,-0.08,2.00,2.00,1,-1,-1,-1
62,24,26.02,11.23,2.00,2.00,1,-1,-1,-1
62,23,13.00,-0.08,2.00,2.00,1,-1,-1,-1
63,24,26.02,10.99,2.00,2.00,1,-1,-1,-1
63,23,12.92,-0.08,2.00,2.00,1,-1,-1,-1
