0,144,22.00,25.00,2.00,2.00,1,-1,-1,-1
0,143,16.00,15.00,2.00,2.00,1,-1,-1,-1
0,142,14.00,7.00,2.00,2.00,1,-1,-1,-1
0,141,13.00,14.00,2.00,2.00,1,-1,-1,-1
0,140,12.00,3.00,2.00,2.00,1,-1,-1,-1
0,139,11.00,18.00,2.00,2.00,1,-1,-1,-1
0,138,8.00,5.00,2.00,2.00,1,-1,-1,-1
0,137,7.00,-1.00,2.00,2.00,1,-1,-1,-1
0,136,6.00,23.00,2.00,2.00,1,-1,-1,-1
0,135,6.00,18.00,2.00,2.00,1,-1,-1,-1
0,134,5.00,13.00,2.00,2.00,1,-1,-1,-1
0,133,4.00,21.00,2.00,2.00,1,-1,-1,-1
0,132,3.00,18.00,2.00,2.00,1,-1,-1,-1
0,131,2.00,16.00,2.00,2.00,1,-1,-1,-1
0,130,1.00,21.00,2.00,2.00,1,-1,-1,-1
0,129,0.00,3.00,2.00,2.00,1,-1,-1,-1
1,144,22.00,26.00,2.00,2.00,1,-1,-1,-1
1,143,16.00,15.00,2.00,2.00,1,-1,-1,-1
1,142,14.00,7.00,2.00,2.00,1,-1,-1,-1
1,141,13.00,14.00,2.00,2.00,1,-1,-1,-1
1,140,12.00,3.00,2.00,2.00,1,-1,-1,-1
1,139,11.00,19.00,2.00,2.00,1,-1,-1,-1
1,138,8.00,5.00,2.00,2.00,1,-1,-1,-1
1,137,6.00,-0.00,2.00,2.00,1,-1,-1,-1
1,136,6.00,24.00,2.00,2.00,1,-1,-1,-1
1,135,7.00,17.00,2.00,2.00,1,-1,-1,-1
1,134,5.00,12.00,2.00,2.00,1,-1,-1,-1
1,133,4.00,21.00,2.00,2.00,1,-1,-1,-1
1,132,3.00,19.00,2.00,2.00,1,-1,-1,-1
1,131,3.00,16.00,2.00,2.00,1,-1,-1,-1
1,130,1.00,21.00,2.00,2.00,1,-1,-1,-1
1,129,0.00,3.00,2.00,2.00,1,-1,-1,-1
2,144,22.00,26.06,2.00,2.00,1,-1,-1,-1
2,143,16.00,15.00,2.00,2.00,1,-1,-1,-1
2,142,14.00,7.00,2.00,2.00,1,-1,-1,-1
2,141,13.00,13.06,2.00,2.00,1,-1,-1,-1
2,140,12.00,3.94,2.00,2.00,1,-1,-1,-1
2,139,11.94,19.06,2.00,2.00,1,-1,-1,-1
2,138,8.94,5.00,2.00,2.00,1,-1,-1,-1
2,137,5.94,0.06,2.00,2.00,1,-1,-1,-1
2,136,6.00,24.06,2.00,2.00,1,-1,-1,-1
2,135,7.06,16.94,2.00,2.00,1,-1,-1,-1
2,134,5.00,11.94,2.00,2.00,1,-1,-1,-1
2,133,4.00,21.00,2.00,2.00,1,-1,-1,-1
2,132,3.00,19.06,2.00,2.00,1,-1,-1,-1
2,131,3.06,16.94,2.00,2.00,1,-1,-1,-1
2,130,1.00,21.00,2.00,2.00,1,-1,-1,-1
2,129,0.00,3.00,2.00,2.00,1,-1,-1,-1
3,144,21.15,26.04,2.00,2.00,1,-1,-1,-1
3,143,15.15,15.00,2.00,2.00,1,-1,-1,-1
3,142,13.15,7.00,2.00,2.00,1,-1,-1,-1
3,141,13.85,12.89,2.00,2.00,1,-1,-1,-1
3,140,12.00,4.11,2.00,2.00,1,-1,-1,-1
3,139,12.11,19.04,2.00,2.00,1,-1,-1,-1
3,138,9.11,5.00,2.00,2.00,1,-1,-1,-1
3,137,5.96,0.04,2.00,2.00,1,-1,-1,-1
3,136,6.85,24.04,2.00,2.00,1,-1,-1,-1
3,135,7.04,16.96,2.00,2.00,1,-1,-1,-1
3,134,5.00,11.96,2.00,2.00,1,-1,-1,-1
3,133,4.00,21.00,2.00,2.00,1,-1,-1,-1
3,132,3.85,19.04,2.00,2.00,1,-1,-1,-1
3,131,3.04,17.11,2.00,2.00,1,-1,-1,-1
3,130,1.00,21.00,2.00,2.00,1,-1,-1,-1
3,129,0.00,3.00,2.00,2.00,1,-1,-1,-1
4,144,20.94,26.03,2.00,2.00,1,-1,-1,-1
4,143,14.94,15.78,2.00,2.00,1,-1,-1,-1
4,142,12.94,6.22,2.00,2.00,1,-1,-1,-1
4,141,14.06,12.88,2.00,2.00,1,-1,-1,-1
4,140,12.00,4.12,2.00,2.00,1,-1,-1,-1
4,139,12.12,19.03,2.00,2.00,1,-1,-1,-1
4,138,9.12,5.00,2.00,2.00,1,-1,-1,-1
4,137,5.19,0.03,2.00,2.00,1,-1,-1,-1
4,136,7.06,24.03,2.00,2.00,1,-1,-1,-1
4,135,7.03,16.19,2.00,2.00,1,-1,-1,-1
4,134,5.00,11.19,2.00,2.00,1,-1,-1,-1
4,133,4.00,21.00,2.00,2.00,1,-1,-1,-1
4,132,4.06,19.03,2.00,2.00,1,-1,-1,-1
4,131,3.81,17.12,2.00,2.00,1,-1,-1,-1
4,130,1.00,21.00,2.00,2.00,1,-1,-1,-1
4,129,0.00,2.22,2.00,2.00,1,-1,-1,-1
5,144,20.89,26.03,2.00,2.00,1,-1,-1,-1
5,143,14.89,16.02,2.00,2.00,1,-1,-1,-1
5,142,12.89,5.98,2.00,2.00,1,-1,-1,-1
5,141,14.11,12.89,2.00,2.00,1,-1,-1,-1
5,140,12.00,4.85,2.00,2.00,1,-1,-1,-1
5,139,12.85,19.03,2.00,2.00,1,-1,-1,-1
5,138,9.11,5.00,2.00,2.00,1,-1,-1,-1
5,137,4.96,0.03,2.00,2.00,1,-1,-1,-1
5,136,7.11,24.03,2.00,2.00,1,-1,-1,-1
5,135,7.03,15.96,2.00,2.00,1,-1,-1,-1
5,134,5.00,10.96,2.00,2.00,1,-1,-1,-1
5,133,3.26,21.00,2.00,2.00,1,-1,-1,-1
5,132,4.11,19.03,2.00,2.00,1,-1,-1,-1
5,131,4.04,17.11,2.00,2.00,1,-1,-1,-1
5,130,1.00,21.00,2.00,2.00,1,-1,-1,-1
5,129,0.00,1.98,2.00,2.00,1,-1,-1,-1
6,144,20.18,26.02,2.00,2.00,1,-1,-1,-1
6,143,14.89,16.08,2.00,2.00,1,-1,-1,-1
6,142,12.89,5.92,2.00,2.00,1,-1,-1,-1
6,141,14.11,12.91,2.00,2.00,1,-1,-1,-1
6,140,12.00,5.08,2.00,2.00,1,-1,-1,-1
6,139,13.08,19.02,2.00,2.00,1,-1,-1,-1
6,138,9.81,5.00,2.00,2.00,1,-1,-1,-1
6,137,4.18,0.02,2.00,2.00,1,-1,-1,-1
6,136,7.82,24.73,2.00,2.00,1,-1,-1,-1
6,135,7.02,15.90,2.00,2.00,1,-1,-1,-1
6,134,5.00,10.18,2.00,2.00,1,-1,-1,-1
6,133,3.02,20.29,2.00,2.00,1,-1,-1,-1
6,132,4.11,19.73,2.00,2.00,1,-1,-1,-1
6,131,4.10,17.09,2.00,2.00,1,-1,-1,-1
6,130,1.00,20.29,2.00,2.00,1,-1,-1,-1
6,129,0.71,1.92,2.00,2.00,1,-1,-1,-1
7,144,19.94,26.02,2.00,2.00,1,-1,-1,-1
7,143,14.90,16.09,2.00,2.00,1,-1,-1,-1
7,142,12.90,5.91,2.00,2.00,1,-1,-1,-1
7,141,14.10,12.92,2.00,2.00,1,-1,-1,-1
7,140,12.00,5.14,2.00,2.00,1,-1,-1,-1
7,139,13.14,19.02,2.00,2.00,1,-1,-1,-1
7,138,10.04,5.70,2.00,2.00,1,-1,-1,-1
7,137,3.93,0.02,2.00,2.00,1,-1,-1,-1
7,136,8.06,24.98,2.00,2.00,1,-1,-1,-1
7,135,7.02,15.19,2.00,2.00,1,-1,-1,-1
7,134,5.00,9.93,2.00,2.00,1,-1,-1,-1
7,133,2.94,20.04,2.00,2.00,1,-1,-1,-1
7,132,4.10,19.98,2.00,2.00,1,-1,-1,-1
7,131,4.11,17.08,2.00,2.00,1,-1,-1,-1
7,130,1.00,20.04,2.00,2.00,1,-1,-1,-1
7,129,0.96,1.91,2.00,2.00,1,-1,-1,-1
8,144,19.87,26.01,2.00,2.00,1,-1,-1,-1
8,143,14.23,16.09,2.00,2.00,1,-1,-1,-1
8,142,12.92,5.91,2.00,2.00,1,-1,-1,-1
8,141,14.08,12.94,2.00,2.00,1,-1,-1,-1
8,140,11.31,5.14,2.00,2.00,1,-1,-1,-1
8,139,13.83,19.01,2.00,2.00,1,-1,-1,-1
8,138,10.11,5.95,2.00,2.00,1,-1,-1,-1
8,137,3.17,0.01,2.00,2.00,1,-1,-1,-1
8,136,8.13,25.06,2.00,2.00,1,-1,-1,-1
8,135,7.01,14.95,2.00,2.00,1,-1,-1,-1
8,134,5.00,9.86,2.00,2.00,1,-1,-1,-1
8,133,2.92,19.96,2.00,2.00,1,-1,-1,-1
8,132,4.08,20.06,2.00,2.00,1,-1,-1,-1
8,131,4.79,17.06,2.00,2.00,1,-1,-1,-1
8,130,1.69,19.96,2.00,2.00,1,-1,-1,-1
8,129,1.04,1.23,2.00,2.00,1,-1,-1,-1
9,144,19.19,26.01,2.00,2.00,1,-1,-1,-1
9,143,13.99,16.76,2.00,2.00,1,-1,-1,-1
9,142,12.25,6.60,2.00,2.00,1,-1,-1,-1
9,141,14.07,12.95,2.00,2.00,1,-1,-1,-1
9,140,11.06,5.81,2.00,2.00,1,-1,-1,-1
9,139,14.07,19.01,2.00,2.00,1,-1,-1,-1
9,138,10.12,6.03,2.00,2.00,1,-1,-1,-1
9,137,2.91,0.01,2.00,2.00,1,-1,-1,-1
9,136,8.81,25.08,2.00,2.00,1,-1,-1,-1
9,135,7.01,14.88,2.00,2.00,1,-1,-1,-1
9,134,5.00,9.17,2.00,2.00,1,-1,-1,-1
9,133,2.92,19.93,2.00,2.00,1,-1,-1,-1
9,132,4.07,20.08,2.00,2.00,1,-1,-1,-1
9,131,5.02,17.05,2.00,2.00,1,-1,-1,-1
9,130,1.94,19.93,2.00,2.00,1,-1,-1,-1
9,129,1.07,0.99,2.00,2.00,1,-1,-1,-1
10,144,18.94,26.01,2.00,2.00,1,-1,-1,-1
10,143,13.92,16.99,2.00,2.00,1,-1,-1,-1
10,142,12.01,6.86,2.00,2.00,1,-1,-1,-1
10,141,14.73,12.95,2.00,2.00,1,-1,-1,-1
10,140,10.98,6.04,2.00,2.00,1,-1,-1,-1
10,139,14.81,19.01,2.00,2.00,1,-1,-1,-1
10,137,2.83,0.01,2.00,2.00,1,-1,-1,-1
10,136,9.06,25.08,2.00,2.00,1,-1,-1,-1
10,135,7.01,14.19,2.00,2.00,1,-1,-1,-1
10,134,4.33,8.93,2.00,2.00,1,-1,-1,-1
10,133,2.93,19.93,2.00,2.00,1,-1,-1,-1
10,132,4.06,20.75,2.00,2.00,1,-1,-1,-1
10,131,5.10,17.05,2.00,2.00,1,-1,-1,-1
10,130,2.02,19.93,2.00,2.00,1,-1,-1,-1
10,129,1.07,0.91,2.00,2.00,1,-1,-1,-1
11,144,18.20,26.01,2.00,2.00,1,-1,-1,-1
11,143,13.90,17.07,2.00,2.00,1,-1,-1,-1
11,142,11.93,6.96,2.00,2.00,1,-1,-1,-1
11,141,14.97,12.29,2.00,2.00,1,-1,-1,-1
11,140,10.95,6.12,2.00,2.00,1,-1,-1,-1
11,139,15.07,19.01,2.00,2.00,1,-1,-1,-1
11,137,2.15,0.01,2.00,2.00,1,-1,-1,-1
11,136,9.13,25.07,2.00,2.00,1,-1,-1,-1
11,135,7.01,13.95,2.00,2.00,1,-1,-1,-1
11,134,4.08,8.85,2.00,2.00,1,-1,-1,-1
11,132,4.72,20.99,2.00,2.00,1,-1,-1,-1
11,131,5.12,17.04,2.00,2.00,1,-1,-1,-1
11,130,2.05,19.94,2.00,2.00,1,-1,-1,-1
11,129,1.06,0.89,2.00,2.00,1,-1,-1,-1
12,144,17.94,26.01,2.00,2.00,1,-1,-1,-1
12,143,13.23,17.10,2.00,2.00,1,-1,-1,-1
12,142,11.91,6.99,2.00,2.00,1,-1,-1,-1
12,141,15.06,12.05,2.00,2.00,1,-1,-1,-1
12,140,10.95,6.13,2.00,2.00,1,-1,-1,-1
12,139,15.16,19.01,2.00,2.00,1,-1,-1,-1
12,138,10.12,6.07,2.00,2.00,1,-1,-1,-1
12,137,1.91,0.01,2.00,2.00,1,-1,-1,-1
12,136,9.81,24.40,2.00,2.00,1,-1,-1,-1
12,135,7.01,13.87,2.00,2.00,1,-1,-1,-1
12,134,3.99,8.84,2.00,2.00,1,-1,-1,-1
12,133,2.94,19.93,2.00,2.00,1,-1,-1,-1
12,132,4.30,21.07,2.00,2.00,1,-1,-1,-1
12,131,5.78,17.04,2.00,2.00,1,-1,-1,-1
12,130,2.05,19.94,2.00,2.00,1,-1,-1,-1
12,129,1.72,0.89,2.00,2.00,1,-1,-1,-1
13,144,17.19,26.01,2.00,2.00,1,-1,-1,-1
13,143,12.99,17.10,2.00,2.00,1,-1,-1,-1
13,142,11.91,7.00,2.00,2.00,1,-1,-1,-1
13,141,15.08,11.96,2.00,2.00,1,-1,-1,-1
13,140,10.95,6.13,2.00,2.00,1,-1,-1,-1
13,139,15.83,19.01,2.00,2.00,1,-1,-1,-1
13,138,10.08,6.05,2.00,2.00,1,-1,-1,-1
13,137,1.18,0.01,2.00,2.00,1,-1,-1,-1
13,136,10.06,24.14,2.00,2.00,1,-1,-1,-1
13,135,7.01,13.19,2.00,2.00,1,-1,-1,-1
13,134,3.96,8.85,2.00,2.00,1,-1,-1,-1
13,133,2.95,19.95,2.00,2.00,1,-1,-1,-1
13,132,4.13,21.10,2.00,2.00,1,-1,-1,-1
13,131,6.02,17.69,2.00,2.00,1,-1,-1,-1
13,130,2.05,19.95,2.00,2.00,1,-1,-1,-1
13,129,1.96,0.90,2.00,2.00,1,-1,-1,-1
14,144,16.92,26.01,2.00,2.00,1,-1,-1,-1
14,143,12.91,17.75,2.00,2.00,1,-1,-1,-1
14,142,11.91,7.01,2.00,2.00,1,-1,-1,-1
14,141,15.08,11.94,2.00,2.00,1,-1,-1,-1
14,140,10.95,6.12,2.00,2.00,1,-1,-1,-1
14,139,16.08,18.35,2.00,2.00,1,-1,-1,-1
14,138,9.41,6.05,2.00,2.00,1,-1,-1,-1
14,137,0.91,0.01,2.00,2.00,1,-1,-1,-1
14,136,10.13,24.05,2.00,2.00,1,-1,-1,-1
14,135,7.01,12.95,2.00,2.00,1,-1,-1,-1
14,134,3.29,8.86,2.00,2.00,1,-1,-1,-1
14,133,2.96,19.96,2.00,2.00,1,-1,-1,-1
14,132,4.07,21.76,2.00,2.00,1,-1,-1,-1
14,131,6.10,17.94,2.00,2.00,1,-1,-1,-1
14,130,2.05,19.96,2.00,2.00,1,-1,-1,-1
14,129,2.05,0.91,2.00,2.00,1,-1,-1,-1
15,144,16.84,26.01,2.00,2.00,1,-1,-1,-1
15,143,12.89,17.99,2.00,2.00,1,-1,-1,-1
15,142,11.92,6.35,2.00,2.00,1,-1,-1,-1
15,141,15.08,11.93,2.00,2.00,1,-1,-1,-1
15,140,10.96,6.77,2.00,2.00,1,-1,-1,-1
15,139,16.15,18.10,2.00,2.00,1,-1,-1,-1
15,138,9.15,6.04,2.00,2.00,1,-1,-1,-1
15,137,0.83,0.01,2.00,2.00,1,-1,-1,-1
15,136,10.15,23.35,2.00,2.00,1,-1,-1,-1
15,135,7.01,12.87,2.00,2.00,1,-1,-1,-1
15,134,3.05,8.87,2.00,2.00,1,-1,-1,-1
15,133,2.96,19.96,2.00,2.00,1,-1,-1,-1
15,132,4.04,22.00,2.00,2.00,1,-1,-1,-1
15,131,6.12,18.03,2.00,2.00,1,-1,-1,-1
15,130,2.04,19.96,2.00,2.00,1,-1,-1,-1
15,129,2.07,0.92,2.00,2.00,1,-1,-1,-1
16,144,16.16,26.00,2.00,2.00,1,-1,-1,-1
16,143,12.89,18.07,2.00,2.00,1,-1,-1,-1
16,142,11.93,6.10,2.00,2.00,1,-1,-1,-1
16,141,15.07,11.93,2.00,2.00,1,-1,-1,-1
16,140,10.96,7.00,2.00,2.00,1,-1,-1,-1
16,139,16.83,18.01,2.00,2.00,1,-1,-1,-1
16,138,9.06,6.04,2.00,2.00,1,-1,-1,-1
16,137,0.15,0.00,2.00,2.00,1,-1,-1,-1
16,136,10.81,23.09,2.00,2.00,1,-1,-1,-1
16,135,7.00,12.19,2.00,2.00,1,-1,-1,-1
16,134,2.96,8.89,2.00,2.00,1,-1,-1,-1
16,133,3.62,19.96,2.00,2.00,1,-1,-1,-1
16,132,4.03,22.08,2.00,2.00,1,-1,-1,-1
16,131,6.78,18.05,2.00,2.00,1,-1,-1,-1
16,130,1.38,19.96,2.00,2.00,1,-1,-1,-1
16,129,2.08,0.93,2.00,2.00,1,-1,-1,-1
17,144,15.92,26.00,2.00,2.00,1,-1,-1,-1
17,143,12.90,18.10,2.00,2.00,1,-1,-1,-1
17,142,11.94,6.01,2.00,2.00,1,-1,-1,-1
17,141,15.72,11.28,2.00,2.00,1,-1,-1,-1
17,140,10.97,7.08,2.00,2.00,1,-1,-1,-1
17,139,17.07,17.97,2.00,2.00,1,-1,-1,-1
17,138,8.36,6.03,2.00,2.00,1,-1,-1,-1
17,137,-0.09,0.66,2.00,2.00,1,-1,-1,-1
17,136,11.04,23.00,2.00,2.00,1,-1,-1,-1
17,135,6.35,11.95,2.00,2.00,1,-1,-1,-1
17,134,2.93,8.90,2.00,2.00,1,-1,-1,-1
17,133,3.88,19.97,2.00,2.00,1,-1,-1,-1
17,132,4.02,22.11,2.00,2.00,1,-1,-1,-1
17,131,7.02,18.06,2.00,2.00,1,-1,-1,-1
17,130,1.13,19.97,2.00,2.00,1,-1,-1,-1
17,129,2.73,0.28,2.00,2.00,1,-1,-1,-1
18,144,15.18,26.00,2.00,2.00,1,-1,-1,-1
18,143,12.91,18.75,2.00,2.00,1,-1,-1,-1
18,142,11.94,5.98,2.00,2.00,1,-1,-1,-1
18,141,15.96,11.04,2.00,2.00,1,-1,-1,-1
18,140,10.97,7.76,2.00,2.00,1,-1,-1,-1
18,139,17.15,17.96,2.00,2.00,1,-1,-1,-1
18,138,8.10,6.03,2.00,2.00,1,-1,-1,-1
18,137,-0.16,0.91,2.00,2.00,1,-1,-1,-1
18,136,11.12,22.96,2.00,2.00,1,-1,-1,-1
18,135,6.76,11.87,2.00,2.00,1,-1,-1,-1
18,134,2.93,9.57,2.00,2.00,1,-1,-1,-1
18,133,3.97,19.97,2.00,2.00,1,-1,-1,-1
18,132,4.02,22.11,2.00,2.00,1,-1,-1,-1
18,131,7.10,18.06,2.00,2.00,1,-1,-1,-1
18,130,1.03,19.97,2.00,2.00,1,-1,-1,-1
18,129,2.97,0.04,2.00,2.00,1,-1,-1,-1
19,144,14.92,26.00,2.00,2.00,1,-1,-1,-1
19,143,12.91,19.00,2.00,2.00,1,-1,-1,-1
19,142,11.95,6.62,2.00,2.00,1,-1,-1,-1
19,141,16.05,10.95,2.00,2.00,1,-1,-1,-1
19,140,10.97,8.01,2.00,2.00,1,-1,-1,-1
19,139,17.17,17.31,2.00,2.00,1,-1,-1,-1
19,138,8.01,6.03,2.00,2.00,1,-1,-1,-1
19,137,-0.18,1.00,2.00,2.00,1,-1,-1,-1
19,136,11.14,22.30,2.00,2.00,1,-1,-1,-1
19,135,6.91,11.19,2.00,2.00,1,-1,-1,-1
19,134,2.27,9.82,2.00,2.00,1,-1,-1,-1
19,133,4.00,19.97,2.00,2.00,1,-1,-1,-1
19,132,4.02,22.76,2.00,2.00,1,-1,-1,-1
19,131,7.12,18.05,2.00,2.00,1,-1,-1,-1
19,130,1.00,20.63,2.00,2.00,1,-1,-1,-1
19,129,3.06,-0.05,2.00,2.00,1,-1,-1,-1
20,144,14.18,26.00,2.00,2.00,1,-1,-1,-1
20,143,12.27,19.08,2.00,2.00,1,-1,-1,-1
20,142,11.95,6.87,2.00,2.00,1,-1,-1,-1
20,141,16.07,10.93,2.00,2.00,1,-1,-1,-1
20,140,10.97,8.10,2.00,2.00,1,-1,-1,-1
20,139,17.16,17.06,2.00,2.00,1,-1,-1,-1
20,138,7.32,6.02,2.00,2.00,1,-1,-1,-1
20,137,-0.83,1.03,2.00,2.00,1,-1,-1,-1
20,136,11.79,22.05,2.00,2.00,1,-1,-1,-1
20,135,6.97,10.95,2.00,2.00,1,-1,-1,-1
20,134,2.03,9.92,2.00,2.00,1,-1,-1,-1
20,133,4.02,20.63,2.00,2.00,1,-1,-1,-1
20,132,4.02,23.00,2.00,2.00,1,-1,-1,-1
20,131,7.12,18.70,2.00,2.00,1,-1,-1,-1
20,130,0.99,20.88,2.00,2.00,1,-1,-1,-1
20,129,3.08,-0.07,2.00,2.00,1,-1,-1,-1
21,144,13.91,26.00,2.00,2.00,1,-1,-1,-1
21,143,12.03,19.10,2.00,2.00,1,-1,-1,-1
21,142,11.96,6.96,2.00,2.00,1,-1,-1,-1
21,141,16.08,10.92,2.00,2.00,1,-1,-1,-1
21,140,10.98,8.78,2.00,2.00,1,-1,-1,-1
21,139,17.15,16.97,2.00,2.00,1,-1,-1,-1
21,138,7.06,5.37,2.00,2.00,1,-1,-1,-1
21,137,-0.41,1.04,2.00,2.00,1,-1,-1,-1
21,136,12.03,21.96,2.00,2.00,1,-1,-1,-1
21,135,6.99,10.87,2.00,2.00,1,-1,-1,-1
21,134,1.95,9.96,2.00,2.00,1,-1,-1,-1
21,133,4.67,20.88,2.00,2.00,1,-1,-1,-1
21,132,4.01,23.08,2.00,2.00,1,-1,-1,-1
21,131,7.77,18.95,2.00,2.00,1,-1,-1,-1
21,130,0.98,20.97,2.00,2.00,1,-1,-1,-1
21,129,3.09,-0.08,2.00,2.00,1,-1,-1,-1
22,144,13.82,26.00,2.00,2.00,1,-1,-1,-1
22,143,11.94,19.76,2.00,2.00,1,-1,-1,-1
22,142,11.96,7.00,2.00,2.00,1,-1,-1,-1
22,141,16.08,10.93,2.00,2.00,1,-1,-1,-1
22,140,10.98,9.02,2.00,2.00,1,-1,-1,-1
22,139,17.14,16.94,2.00,2.00,1,-1,-1,-1
22,138,6.97,5.12,2.00,2.00,1,-1,-1,-1
22,137,-0.24,1.04,2.00,2.00,1,-1,-1,-1
22,136,12.11,21.28,2.00,2.00,1,-1,-1,-1
22,135,7.00,10.19,2.00,2.00,1,-1,-1,-1
22,134,1.92,9.98,2.00,2.00,1,-1,-1,-1
22,133,4.92,20.98,2.00,2.00,1,-1,-1,-1
22,132,4.01,23.10,2.00,2.00,1,-1,-1,-1
22,131,8.00,19.03,2.00,2.00,1,-1,-1,-1
22,130,0.98,21.01,2.00,2.00,1,-1,-1,-1
22,129,3.74,-0.08,2.00,2.00,1,-1,-1,-1
23,144,13.15,25.35,2.00,2.00,1,-1,-1,-1
23,143,11.92,20.00,2.00,2.00,1,-1,-1,-1
23,142,11.97,7.66,2.00,2.00,1,-1,-1,-1
23,141,16.07,10.93,2.00,2.00,1,-1,-1,-1
23,140,10.98,9.11,2.00,2.00,1,-1,-1,-1
23,139,17.13,16.28,2.00,2.00,1,-1,-1,-1
23,138,6.94,5.02,2.00,2.00,1,-1,-1,-1
23,137,-0.17,1.04,2.00,2.00,1,-1,-1,-1
23,136,12.13,21.03,2.00,2.00,1,-1,-1,-1
23,135,7.00,9.95,2.00,2.00,1,-1,-1,-1
23,134,1.26,9.98,2.00,2.00,1,-1,-1,-1
23,133,5.01,21.01,2.00,2.00,1,-1,-1,-1
23,132,3.36,23.10,2.00,2.00,1,-1,-1,-1
23,131,8.09,19.72,2.00,2.00,1,-1,-1,-1
23,130,0.33,21.02,2.00,2.00,1,-1,-1,-1
23,129,3.98,-0.07,2.00,2.00,1,-1,-1,-1
24,144,12.91,25.10,2.00,2.00,1,-1,-1,-1
24,143,11.91,20.09,2.00,2.00,1,-1,-1,-1
24,142,11.97,7.91,2.00,2.00,1,-1,-1,-1
24,141,16.72,10.94,2.00,2.00,1,-1,-1,-1
24,140,10.33,9.13,2.00,2.00,1,-1,-1,-1
24,139,17.11,16.04,2.00,2.00,1,-1,-1,-1
24,138,6.28,4.99,2.00,2.00,1,-1,-1,-1
24,137,-0.13,1.69,2.00,2.00,1,-1,-1,-1
24,135,7.00,9.87,2.00,2.00,1,-1,-1,-1
24,134,1.02,9.99,2.00,2.00,1,-1,-1,-1
24,133,5.04,21.02,2.00,2.00,1,-1,-1,-1
24,131,8.11,19.97,2.00,2.00,1,-1,-1,-1
24,130,0.08,21.02,2.00,2.00,1,-1,-1,-1
24,129,4.06,-0.72,2.00,2.00,1,-1,-1,-1
25,144,12.83,25.01,2.00,2.00,1,-1,-1,-1
25,143,11.92,20.11,2.00,2.00,1,-1,-1,-1
25,141,16.96,10.94,2.00,2.00,1,-1,-1,-1
25,140,10.08,9.13,2.00,2.00,1,-1,-1,-1
25,139,17.10,15.95,2.00,2.00,1,-1,-1,-1
25,138,6.03,4.33,2.00,2.00,1,-1,-1,-1
25,137,0.54,1.93,2.00,2.00,1,-1,-1,-1
25,135,7.00,9.85,2.00,2.00,1,-1,-1,-1
25,134,0.93,10.64,2.00,2.00,1,-1,-1,-1
25,133,5.05,21.02,2.00,2.00,1,-1,-1,-1
25,131,8.11,20.06,2.00,2.00,1,-1,-1,-1
25,130,-0.01,21.68,2.00,2.00,1,-1,-1,-1
25,129,4.09,-0.30,2.00,2.00,1,-1,-1,-1
26,144,12.81,24.98,2.00,2.00,1,-1,-1,-1
26,143,11.92,20.11,2.00,2.00,1,-1,-1,-1
26,141,17.05,10.95,2.00,2.00,1,-1,-1,-1
26,140,9.99,9.78,2.00,2.00,1,-1,-1,-1
26,139,17.75,15.92,2.00,2.00,1,-1,-1,-1
26,138,5.94,4.08,2.00,2.00,1,-1,-1,-1
26,137,0.80,2.02,2.00,2.00,1,-1,-1,-1
26,136,11.31,20.90,2.00,2.00,1,-1,-1,-1
26,135,7.66,9.85,2.00,2.00,1,-1,-1,-1
26,134,0.91,10.89,2.00,2.00,1,-1,-1,-1
26,133,5.05,21.68,2.00,2.00,1,-1,-1,-1
26,131,8.11,20.09,2.00,2.00,1,-1,-1,-1
26,130,-0.04,21.92,2.00,2.00,1,-1,-1,-1
26,129,4.09,-0.14,2.00,2.00,1,-1,-1,-1
27,144,12.16,24.97,2.00,2.00,1,-1,-1,-1
27,143,11.93,19.45,2.00,2.00,1,-1,-1,-1
27,141,17.07,10.95,2.00,2.00,1,-1,-1,-1
27,140,9.96,10.01,2.00,2.00,1,-1,-1,-1
27,139,17.98,15.26,2.00,2.00,1,-1,-1,-1
27,138,5.92,3.98,2.00,2.00,1,-1,-1,-1
27,137,0.91,2.05,2.00,2.00,1,-1,-1,-1
27,136,11.14,20.91,2.00,2.00,1,-1,-1,-1
27,135,7.90,9.86,2.00,2.00,1,-1,-1,-1
27,134,0.90,11.64,2.00,2.00,1,-1,-1,-1
27,133,5.05,21.92,2.00,2.00,1,-1,-1,-1
27,132,2.15,23.98,2.00,2.00,1,-1,-1,-1
27,131,8.75,20.74,2.00,2.00,1,-1,-1,-1
27,130,-0.04,22.01,2.00,2.00,1,-1,-1,-1
27,129,4.74,-0.08,2.00,2.00,1,-1,-1,-1
28,144,11.93,24.31,2.00,2.00,1,-1,-1,-1
28,143,11.94,19.20,2.00,2.00,1,-1,-1,-1
28,142,12.85,8.92,2.00,2.00,1,-1,-1,-1
28,141,17.08,10.96,2.00,2.00,1,-1,-1,-1
28,140,9.95,10.09,2.00,2.00,1,-1,-1,-1
28,139,18.07,15.02,2.00,2.00,1,-1,-1,-1
28,138,5.91,3.95,2.00,2.00,1,-1,-1,-1
28,137,1.60,2.06,2.00,2.00,1,-1,-1,-1
28,136,11.08,20.92,2.00,2.00,1,-1,-1,-1
28,135,8.00,9.22,2.00,2.00,1,-1,-1,-1
28,134,0.91,11.92,2.00,2.00,1,-1,-1,-1
28,133,5.04,22.01,2.00,2.00,1,-1,-1,-1
28,132,2.01,24.05,2.00,2.00,1,-1,-1,-1
28,131,8.99,20.99,2.00,2.00,1,-1,-1,-1
28,130,-0.05,22.04,2.00,2.00,1,-1,-1,-1
28,129,4.98,-0.05,2.00,2.00,1,-1,-1,-1
29,144,11.85,24.07,2.00,2.00,1,-1,-1,-1
29,143,11.94,18.44,2.00,2.00,1,-1,-1,-1
29,142,12.96,9.02,2.00,2.00,1,-1,-1,-1
29,141,17.07,10.96,2.00,2.00,1,-1,-1,-1
29,140,9.95,10.12,2.00,2.00,1,-1,-1,-1
29,139,18.09,14.94,2.00,2.00,1,-1,-1,-1
29,138,5.92,3.29,2.00,2.00,1,-1,-1,-1
29,137,1.86,2.06,2.00,2.00,1,-1,-1,-1
29,136,11.05,21.58,2.00,2.00,1,-1,-1,-1
29,135,8.03,8.98,2.00,2.00,1,-1,-1,-1
29,134,0.91,12.02,2.00,2.00,1,-1,-1,-1
29,133,5.04,22.04,2.00,2.00,1,-1,-1,-1
29,132,1.96,23.43,2.00,2.00,1,-1,-1,-1
29,131,9.07,21.07,2.00,2.00,1,-1,-1,-1
29,130,-0.04,22.05,2.00,2.00,1,-1,-1,-1
29,129,5.07,-0.04,2.00,2.00,1,-1,-1,-1
30,144,11.84,23.98,2.00,2.00,1,-1,-1,-1
30,143,11.95,18.15,2.00,2.00,1,-1,-1,-1
30,142,13.00,9.06,2.00,2.00,1,-1,-1,-1
30,141,17.72,10.31,2.00,2.00,1,-1,-1,-1
30,140,9.96,10.12,2.00,2.00,1,-1,-1,-1
30,139,18.10,14.26,2.00,2.00,1,-1,-1,-1
30,138,6.58,3.05,2.00,2.00,1,-1,-1,-1
30,137,1.96,2.05,2.00,2.00,1,-1,-1,-1
30,136,11.04,21.83,2.00,2.00,1,-1,-1,-1
30,135,8.04,8.90,2.00,2.00,1,-1,-1,-1
30,134,0.92,12.71,2.00,2.00,1,-1,-1,-1
30,133,4.38,22.05,2.00,2.00,1,-1,-1,-1
30,132,1.94,23.19,2.00,2.00,1,-1,-1,-1
30,131,9.10,21.10,2.00,2.00,1,-1,-1,-1
30,130,-0.04,22.70,2.00,2.00,1,-1,-1,-1
30,129,5.09,-0.03,2.00,2.00,1,-1,-1,-1
31,144,11.84,23.95,2.00,2.00,1,-1,-1,-1
31,143,11.30,18.05,2.00,2.00,1,-1,-1,-1
31,142,13.02,9.07,2.00,2.00,1,-1,-1,-1
31,141,17.96,10.07,2.00,2.00,1,-1,-1,-1
31,140,9.31,10.11,2.00,2.00,1,-1,-1,-1
31,139,18.09,14.01,2.00,2.00,1,-1,-1,-1
31,138,6.83,2.96,2.00,2.00,1,-1,-1,-1
31,137,2.65,2.05,2.00,2.00,1,-1,-1,-1
31,136,11.04,21.93,2.00,2.00,1,-1,-1,-1
31,135,8.04,8.88,2.00,2.00,1,-1,-1,-1
31,134,0.93,12.96,2.00,2.00,1,-1,-1,-1
31,133,4.13,22.05,2.00,2.00,1,-1,-1,-1
31,132,1.29,23.09,2.00,2.00,1,-1,-1,-1
31,131,9.10,21.10,2.00,2.00,1,-1,-1,-1
31,130,-0.04,22.95,2.00,2.00,1,-1,-1,-1
31,129,5.09,-0.03,2.00,2.00,1,-1,-1,-1
32,144,11.85,23.94,2.00,2.00,1,-1,-1,-1
32,143,11.06,17.35,2.00,2.00,1,-1,-1,-1
32,142,13.02,9.72,2.00,2.00,1,-1,-1,-1
32,141,18.05,9.98,2.00,2.00,1,-1,-1,-1
32,140,9.06,10.10,2.00,2.00,1,-1,-1,-1
32,139,17.43,13.92,2.00,2.00,1,-1,-1,-1
32,138,6.93,2.28,2.00,2.00,1,-1,-1,-1
32,137,2.91,2.04,2.00,2.00,1,-1,-1,-1
32,136,11.03,21.97,2.00,2.00,1,-1,-1,-1
32,135,8.04,8.22,2.00,2.00,1,-1,-1,-1
32,134,0.94,13.71,2.00,2.00,1,-1,-1,-1
32,133,4.04,22.70,2.00,2.00,1,-1,-1,-1
32,132,1.04,23.05,2.00,2.00,1,-1,-1,-1
32,131,9.75,21.10,2.00,2.00,1,-1,-1,-1
32,130,-0.03,23.03,2.00,2.00,1,-1,-1,-1
32,129,5.09,0.63,2.00,2.00,1,-1,-1,-1
33,144,11.86,23.29,2.00,2.00,1,-1,-1,-1
33,143,10.97,17.09,2.00,2.00,1,-1,-1,-1
33,142,13.02,9.96,2.00,2.00,1,-1,-1,-1
33,141,18.08,9.95,2.00,2.00,1,-1,-1,-1
33,140,8.98,10.75,2.00,2.00,1,-1,-1,-1
33,139,17.18,13.89,2.00,2.00,1,-1,-1,-1
33,138,6.97,2.02,2.00,2.00,1,-1,-1,-1
33,137,3.66,2.04,2.00,2.00,1,-1,-1,-1
33,136,11.03,22.64,2.00,2.00,1,-1,-1,-1
33,135,8.69,7.98,2.00,2.00,1,-1,-1,-1
33,134,0.94,13.98,2.00,2.00,1,-1,-1,-1
33,133,4.00,22.94,2.00,2.00,1,-1,-1,-1
33,132,0.96,23.04,2.00,2.00,1,-1,-1,-1
33,131,9.99,21.74,2.00,2.00,1,-1,-1,-1
33,130,-0.03,23.06,2.00,2.00,1,-1,-1,-1
33,129,5.74,0.88,2.00,2.00,1,-1,-1,-1
34,144,11.87,23.05,2.00,2.00,1,-1,-1,-1
34,143,10.94,16.34,2.00,2.00,1,-1,-1,-1
34,142,12.37,10.05,2.00,2.00,1,-1,-1,-1
34,141,18.08,9.94,2.00,2.00,1,-1,-1,-1
34,140,8.95,10.98,2.00,2.00,1,-1,-1,-1
34,139,17.08,13.89,2.00,2.00,1,-1,-1,-1
34,138,6.98,1.93,2.00,2.00,1,-1,-1,-1
34,137,3.94,2.04,2.00,2.00,1,-1,-1,-1
34,136,10.37,22.89,2.00,2.00,1,-1,-1,-1
34,135,8.93,7.90,2.00,2.00,1,-1,-1,-1
34,134,0.95,14.73,2.00,2.00,1,-1,-1,-1
34,133,3.99,23.03,2.00,2.00,1,-1,-1,-1
34,132,0.93,23.03,2.00,2.00,1,-1,-1,-1
34,131,10.07,21.98,2.00,2.00,1,-1,-1,-1
34,130,-0.03,23.07,2.00,2.00,1,-1,-1,-1
34,129,5.98,0.97,2.00,2.00,1,-1,-1,-1
35,144,11.89,22.96,2.00,2.00,1,-1,-1,-1
35,143,10.93,16.06,2.00,2.00,1,-1,-1,-1
35,142,12.12,10.08,2.00,2.00,1,-1,-1,-1
35,141,18.08,9.94,2.00,2.00,1,-1,-1,-1
35,140,8.94,11.07,2.00,2.00,1,-1,-1,-1
35,139,17.04,13.90,2.00,2.00,1,-1,-1,-1
35,138,7.64,1.91,2.00,2.00,1,-1,-1,-1
35,137,4.70,2.03,2.00,2.00,1,-1,-1,-1
35,136,10.12,22.98,2.00,2.00,1,-1,-1,-1
35,135,9.02,7.23,2.00,2.00,1,-1,-1,-1
35,134,0.95,15.01,2.00,2.00,1,-1,-1,-1
35,133,3.99,23.06,2.00,2.00,1,-1,-1,-1
35,132,0.27,23.68,2.00,2.00,1,-1,-1,-1
35,131,10.10,22.07,2.00,2.00,1,-1,-1,-1
35,130,-0.02,23.07,2.00,2.00,1,-1,-1,-1
35,129,6.06,1.01,2.00,2.00,1,-1,-1,-1
36,144,12.55,22.93,2.00,2.00,1,-1,-1,-1
36,143,10.94,15.96,2.00,2.00,1,-1,-1,-1
36,142,12.02,10.08,2.00,2.00,1,-1,-1,-1
36,141,18.07,9.95,2.00,2.00,1,-1,-1,-1
36,140,8.94,11.09,2.00,2.00,1,-1,-1,-1
36,139,16.37,13.25,2.00,2.00,1,-1,-1,-1
36,138,7.89,1.90,2.00,2.00,1,-1,-1,-1
36,137,4.97,2.03,2.00,2.00,1,-1,-1,-1
36,136,10.03,23.02,2.00,2.00,1,-1,-1,-1
36,135,9.05,6.98,2.00,2.00,1,-1,-1,-1
36,134,0.96,15.10,2.00,2.00,1,-1,-1,-1
36,133,3.99,23.07,2.00,2.00,1,-1,-1,-1
36,132,0.03,23.92,2.00,2.00,1,-1,-1,-1
36,131,10.75,22.09,2.00,2.00,1,-1,-1,-1
36,130,-0.02,23.06,2.00,2.00,1,-1,-1,-1
36,129,6.09,1.67,2.00,2.00,1,-1,-1,-1
37,144,12.81,22.27,2.00,2.00,1,-1,-1,-1
37,143,10.94,15.28,2.00,2.00,1,-1,-1,-1
37,142,11.99,10.08,2.00,2.00,1,-1,-1,-1
37,141,18.72,9.95,2.00,2.00,1,-1,-1,-1
37,140,8.29,11.10,2.00,2.00,1,-1,-1,-1
37,139,16.12,13.01,2.00,2.00,1,-1,-1,-1
37,138,7.98,1.91,2.00,2.00,1,-1,-1,-1
37,137,5.07,2.03,2.00,2.00,1,-1,-1,-1
37,136,9.99,23.03,2.00,2.00,1,-1,-1,-1
37,135,9.06,6.89,2.00,2.00,1,-1,-1,-1
37,134,0.96,15.78,2.00,2.00,1,-1,-1,-1
37,133,3.99,23.06,2.00,2.00,1,-1,-1,-1
37,132,-0.06,24.01,2.00,2.00,1,-1,-1,-1
37,131,10.99,22.09,2.00,2.00,1,-1,-1,-1
37,130,-0.02,23.06,2.00,2.00,1,-1,-1,-1
37,129,6.09,1.92,2.00,2.00,1,-1,-1,-1
38,144,12.91,22.03,2.00,2.00,1,-1,-1,-1
38,143,10.95,15.02,2.00,2.00,1,-1,-1,-1
38,142,11.98,10.07,2.00,2.00,1,-1,-1,-1
38,141,18.96,9.30,2.00,2.00,1,-1,-1,-1
38,140,8.05,11.09,2.00,2.00,1,-1,-1,-1
38,139,16.02,13.58,2.00,2.00,1,-1,-1,-1
38,138,8.67,1.26,2.00,2.00,1,-1,-1,-1
38,137,5.76,2.68,2.00,2.00,1,-1,-1,-1
38,136,9.33,23.03,2.00,2.00,1,-1,-1,-1
38,135,9.06,6.22,2.00,2.00,1,-1,-1,-1
38,134,0.97,16.03,2.00,2.00,1,-1,-1,-1
38,132,-0.09,24.04,2.00,2.00,1,-1,-1,-1
38,131,11.08,22.74,2.00,2.00,1,-1,-1,-1
38,130,-0.02,22.40,2.00,2.00,1,-1,-1,-1
38,129,6.09,2.01,2.00,2.00,1,-1,-1,-1
39,144,12.95,21.94,2.00,2.00,1,-1,-1,-1
39,143,10.95,14.28,2.00,2.00,1,-1,-1,-1
39,142,11.32,10.72,2.00,2.00,1,-1,-1,-1
39,141,19.05,9.06,2.00,2.00,1,-1,-1,-1
39,140,7.96,11.08,2.00,2.00,1,-1,-1,-1
39,139,15.33,13.80,2.00,2.00,1,-1,-1,-1
39,138,8.93,1.02,2.00,2.00,1,-1,-1,-1
39,137,6.01,2.92,2.00,2.00,1,-1,-1,-1
39,136,9.08,23.03,2.00,2.00,1,-1,-1,-1
39,135,9.05,5.97,2.00,2.00,1,-1,-1,-1
39,134,0.97,16.77,2.00,2.00,1,-1,-1,-1
39,132,-0.09,24.05,2.00,2.00,1,-1,-1,-1
39,131,11.10,22.98,2.00,2.00,1,-1,-1,-1
39,130,-0.02,22.15,2.00,2.00,1,-1,-1,-1
39,129,6.08,2.04,2.00,2.00,1,-1,-1,-1
40,144,12.96,21.91,2.00,2.00,1,-1,-1,-1
40,143,10.96,14.00,2.00,2.00,1,-1,-1,-1
40,142,11.08,10.96,2.00,2.00,1,-1,-1,-1
40,141,19.07,8.97,2.00,2.00,1,-1,-1,-1
40,140,7.93,11.08,2.00,2.00,1,-1,-1,-1
40,139,15.08,13.89,2.00,2.00,1,-1,-1,-1
40,138,9.02,0.94,2.00,2.00,1,-1,-1,-1
40,137,6.09,3.01,2.00,2.00,1,-1,-1,-1
40,136,8.99,23.68,2.00,2.00,1,-1,-1,-1
40,135,9.05,5.89,2.00,2.00,1,-1,-1,-1
40,134,0.97,17.04,2.00,2.00,1,-1,-1,-1
40,132,-0.09,24.70,2.00,2.00,1,-1,-1,-1
40,131,11.11,23.07,2.00,2.00,1,-1,-1,-1
40,130,-0.01,22.05,2.00,2.00,1,-1,-1,-1
40,129,6.73,2.70,2.00,2.00,1,-1,-1,-1
41,144,12.97,21.91,2.00,2.00,1,-1,-1,-1
41,143,10.96,13.26,2.00,2.00,1,-1,-1,-1
41,142,10.99,11.05,2.00,2.00,1,-1,-1,-1
41,141,19.08,8.94,2.00,2.00,1,-1,-1,-1
41,140,7.93,11.07,2.00,2.00,1,-1,-1,-1
41,139,14.98,13.93,2.00,2.00,1,-1,-1,-1
41,138,9.71,0.91,2.00,2.00,1,-1,-1,-1
41,137,6.12,3.04,2.00,2.00,1,-1,-1,-1
41,136,8.96,23.92,2.00,2.00,1,-1,-1,-1
41,135,9.04,5.86,2.00,2.00,1,-1,-1,-1
41,134,0.97,17.13,2.00,2.00,1,-1,-1,-1
41,132,0.57,24.95,2.00,2.00,1,-1,-1,-1
41,131,11.75,23.09,2.00,2.00,1,-1,-1,-1
41,130,-0.01,22.01,2.00,2.00,1,-1,-1,-1
41,129,6.97,2.95,2.00,2.00,1,-1,-1,-1
42,144,12.98,21.26,2.00,2.00,1,-1,-1,-1
42,143,10.96,12.98,2.00,2.00,1,-1,-1,-1
42,142,10.96,11.07,2.00,2.00,1,-1,-1,-1
42,141,19.08,8.94,2.00,2.00,1,-1,-1,-1
42,140,7.93,11.06,2.00,2.00,1,-1,-1,-1
42,139,14.95,13.95,2.00,2.00,1,-1,-1,-1
42,138,9.96,0.91,2.00,2.00,1,-1,-1,-1
42,137,6.12,3.05,2.00,2.00,1,-1,-1,-1
42,136,8.95,24.01,2.00,2.00,1,-1,-1,-1
42,135,9.69,5.21,2.00,2.00,1,-1,-1,-1
42,134,0.98,17.15,2.00,2.00,1,-1,-1,-1
42,132,0.83,25.03,2.00,2.00,1,-1,-1,-1
42,131,11.99,23.75,2.00,2.00,1,-1,-1,-1
42,130,-0.01,21.35,2.00,2.00,1,-1,-1,-1
42,129,7.05,3.04,2.00,2.00,1,-1,-1,-1
43,144,12.98,21.02,2.00,2.00,1,-1,-1,-1
43,143,10.31,12.89,2.00,2.00,1,-1,-1,-1
43,142,10.95,11.08,2.00,2.00,1,-1,-1,-1
43,141,19.07,8.29,2.00,2.00,1,-1,-1,-1
43,140,7.94,11.06,2.00,2.00,1,-1,-1,-1
43,139,14.94,14.61,2.00,2.00,1,-1,-1,-1
43,138,10.05,0.91,2.00,2.00,1,-1,-1,-1
43,137,6.11,3.05,2.00,2.00,1,-1,-1,-1
43,136,8.95,24.04,2.00,2.00,1,-1,-1,-1
43,135,9.94,4.97,2.00,2.00,1,-1,-1,-1
43,134,0.98,17.15,2.00,2.00,1,-1,-1,-1
43,132,0.93,25.06,2.00,2.00,1,-1,-1,-1
43,131,12.08,23.99,2.00,2.00,1,-1,-1,-1
43,130,-0.01,21.10,2.00,2.00,1,-1,-1,-1
43,129,7.73,3.07,2.00,2.00,1,-1,-1,-1
44,144,12.98,20.94,2.00,2.00,1,-1,-1,-1
44,143,10.07,12.21,2.00,2.00,1,-1,-1,-1
44,142,10.30,11.08,2.00,2.00,1,-1,-1,-1
44,141,19.06,8.04,2.00,2.00,1,-1,-1,-1
44,140,7.29,11.71,2.00,2.00,1,-1,-1,-1
44,139,14.94,14.86,2.00,2.00,1,-1,-1,-1
44,138,10.73,0.92,2.00,2.00,1,-1,-1,-1
44,137,6.10,3.70,2.00,2.00,1,-1,-1,-1
44,136,8.95,24.71,2.00,2.00,1,-1,-1,-1
44,135,10.02,4.89,2.00,2.00,1,-1,-1,-1
44,134,1.63,17.80,2.00,2.00,1,-1,-1,-1
44,133,3.99,24.93,2.00,2.00,1,-1,-1,-1
44,132,0.96,25.07,2.00,2.00,1,-1,-1,-1
44,131,12.10,24.08,2.00,2.00,1,-1,-1,-1
44,130,-0.01,21.00,2.00,2.00,1,-1,-1,-1
44,129,7.98,3.07,2.00,2.00,1,-1,-1,-1
45,144,12.98,20.91,2.00,2.00,1,-1,-1,-1
45,143,9.98,11.96,2.00,2.00,1,-1,-1,-1
45,142,10.05,11.07,2.00,2.00,1,-1,-1,-1
45,141,19.71,7.96,2.00,2.00,1,-1,-1,-1
45,140,7.05,11.95,2.00,2.00,1,-1,-1,-1
45,139,14.95,14.96,2.00,2.00,1,-1,-1,-1
45,138,10.99,1.58,2.00,2.00,1,-1,-1,-1
45,137,6.10,3.94,2.00,2.00,1,-1,-1,-1
45,136,8.30,24.95,2.00,2.00,1,-1,-1,-1
45,135,10.05,4.22,2.00,2.00,1,-1,-1,-1
45,134,1.88,17.38,2.00,2.00,1,-1,-1,-1
45,133,3.99,25.04,2.00,2.00,1,-1,-1,-1
45,132,0.98,25.07,2.00,2.00,1,-1,-1,-1
45,131,12.10,24.10,2.00,2.00,1,-1,-1,-1
45,130,-0.01,20.97,2.00,2.00,1,-1,-1,-1
45,129,8.72,3.07,2.00,2.00,1,-1,-1,-1
46,144,12.99,20.25,2.00,2.00,1,-1,-1,-1
46,143,9.95,11.88,2.00,2.00,1,-1,-1,-1
46,141,19.95,7.93,2.00,2.00,1,-1,-1,-1
46,140,6.96,12.03,2.00,2.00,1,-1,-1,-1
46,139,14.95,14.99,2.00,2.00,1,-1,-1,-1
46,138,11.07,1.83,2.00,2.00,1,-1,-1,-1
46,137,6.09,4.03,2.00,2.00,1,-1,-1,-1
46,136,8.06,25.04,2.00,2.00,1,-1,-1,-1
46,135,10.06,3.97,2.00,2.00,1,-1,-1,-1
46,134,1.98,17.21,2.00,2.00,1,-1,-1,-1
46,133,3.99,25.07,2.00,2.00,1,-1,-1,-1
46,132,0.99,25.06,2.00,2.00,1,-1,-1,-1
46,131,12.10,24.76,2.00,2.00,1,-1,-1,-1
46,130,-0.01,20.31,2.00,2.00,1,-1,-1,-1
46,129,9.00,3.07,2.00,2.00,1,-1,-1,-1
47,144,12.99,20.01,2.00,2.00,1,-1,-1,-1
47,143,9.94,11.85,2.00,2.00,1,-1,-1,-1
47,142,9.94,11.07,2.00,2.00,1,-1,-1,-1
47,141,20.04,7.27,2.00,2.00,1,-1,-1,-1
47,140,6.93,12.06,2.00,2.00,1,-1,-1,-1
47,139,14.96,15.66,2.00,2.00,1,-1,-1,-1
47,138,11.10,1.93,2.00,2.00,1,-1,-1,-1
47,137,6.08,4.06,2.00,2.00,1,-1,-1,-1
47,136,7.97,25.72,2.00,2.00,1,-1,-1,-1
47,135,10.06,3.89,2.00,2.00,1,-1,-1,-1
47,134,2.01,17.14,2.00,2.00,1,-1,-1,-1
47,133,3.99,25.08,2.00,2.00,1,-1,-1,-1
47,132,1.64,25.06,2.00,2.00,1,-1,-1,-1
47,131,12.74,25.00,2.00,2.00,1,-1,-1,-1
47,130,-0.01,20.06,2.00,2.00,1,-1,-1,-1
47,129,9.09,3.06,2.00,2.00,1,-1,-1,-1
48,144,13.64,19.93,2.00,2.00,1,-1,-1,-1
48,143,9.94,11.86,2.00,2.00,1,-1,-1,-1
48,142,9.27,11.05,2.00,2.00,1,-1,-1,-1
48,141,20.07,7.03,2.00,2.00,1,-1,-1,-1
48,140,6.93,12.07,2.00,2.00,1,-1,-1,-1
48,139,14.96,15.91,2.00,2.00,1,-1,-1,-1
48,138,11.76,1.97,2.00,2.00,1,-1,-1,-1
48,137,6.07,4.72,2.00,2.00,1,-1,-1,-1
48,136,7.94,25.97,2.00,2.00,1,-1,-1,-1
48,135,10.06,3.86,2.00,2.00,1,-1,-1,-1
48,134,2.02,16.46,2.00,2.00,1,-1,-1,-1
48,133,4.00,25.08,2.00,2.00,1,-1,-1,-1
48,132,1.89,25.71,2.00,2.00,1,-1,-1,-1
48,131,12.98,25.08,2.00,2.00,1,-1,-1,-1
48,130,-0.01,19.97,2.00,2.00,1,-1,-1,-1
48,129,9.77,3.06,2.00,2.00,1,-1,-1,-1
49,144,13.89,19.90,2.00,2.00,1,-1,-1,-1
49,143,9.95,11.86,2.00,2.00,1,-1,-1,-1
49,142,9.03,11.05,2.00,2.00,1,-1,-1,-1
49,141,20.07,6.94,2.00,2.00,1,-1,-1,-1
49,140,6.93,12.07,2.00,2.00,1,-1,-1,-1
49,139,14.96,16.00,2.00,2.00,1,-1,-1,-1
49,138,12.00,2.64,2.00,2.00,1,-1,-1,-1
49,137,6.06,4.96,2.00,2.00,1,-1,-1,-1
49,136,7.94,26.06,2.00,2.00,1,-1,-1,-1
49,134,2.02,16.19,2.00,2.00,1,-1,-1,-1
49,132,1.98,25.95,2.00,2.00,1,-1,-1,-1
49,131,13.07,25.11,2.00,2.00,1,-1,-1,-1
49,130,-0.01,19.94,2.00,2.00,1,-1,-1,-1
49,129,10.02,3.05,2.00,2.00,1,-1,-1,-1
50,144,13.98,19.90,2.00,2.00,1,-1,-1,-1
50,143,9.30,11.88,2.00,2.00,1,-1,-1,-1
50,142,8.94,10.39,2.00,2.00,1,-1,-1,-1
50,141,20.07,6.91,2.00,2.00,1,-1,-1,-1
50,140,6.93,12.06,2.00,2.00,1,-1,-1,-1
50,139,14.97,16.03,2.00,2.00,1,-1,-1,-1
50,138,12.08,2.89,2.00,2.00,1,-1,-1,-1
50,137,6.06,5.05,2.00,2.00,1,-1,-1,-1
50,136,7.94,26.09,2.00,2.00,1,-1,-1,-1
50,135,10.05,3.08,2.00,2.00,1,-1,-1,-1
50,134,2.68,16.09,2.00,2.00,1,-1,-1,-1
50,132,2.02,25.38,2.00,2.00,1,-1,-1,-1
50,131,13.09,25.76,2.00,2.00,1,-1,-1,-1
50,130,-0.01,19.28,2.00,2.00,1,-1,-1,-1
50,129,10.76,3.05,2.00,2.00,1,-1,-1,-1
51,144,14.67,19.90,2.00,2.00,1,-1,-1,-1
51,143,9.06,11.89,2.00,2.00,1,-1,-1,-1
51,142,8.92,10.14,2.00,2.00,1,-1,-1,-1
51,141,20.07,6.26,2.00,2.00,1,-1,-1,-1
51,140,6.29,12.71,2.00,2.00,1,-1,-1,-1
51,139,14.97,16.70,2.00,2.00,1,-1,-1,-1
51,138,12.11,2.98,2.00,2.00,1,-1,-1,-1
51,137,6.71,5.08,2.00,2.00,1,-1,-1,-1
51,136,7.29,26.09,2.00,2.00,1,-1,-1,-1
51,134,2.92,15.39,2.00,2.00,1,-1,-1,-1
51,132,2.03,25.16,2.00,2.00,1,-1,-1,-1
51,131,13.10,26.00,2.00,2.00,1,-1,-1,-1
51,130,-0.00,19.04,2.00,2.00,1,-1,-1,-1
51,129,11.03,3.04,2.00,2.00,1,-1,-1,-1
52,144,14.93,19.26,2.00,2.00,1,-1,-1,-1
52,143,8.97,12.55,2.00,2.00,1,-1,-1,-1
52,142,8.26,10.04,2.00,2.00,1,-1,-1,-1
52,141,20.06,6.01,2.00,2.00,1,-1,-1,-1
52,140,6.04,12.95,2.00,2.00,1,-1,-1,-1
52,139,15.63,16.94,2.00,2.00,1,-1,-1,-1
52,138,12.11,3.02,2.00,2.00,1,-1,-1,-1
52,137,6.95,5.74,2.00,2.00,1,-1,-1,-1
52,136,7.05,26.74,2.00,2.00,1,-1,-1,-1
52,135,10.82,2.12,2.00,2.00,1,-1,-1,-1
52,134,3.01,15.13,2.00,2.00,1,-1,-1,-1
52,132,2.03,25.08,2.00,2.00,1,-1,-1,-1
52,131,13.74,26.09,2.00,2.00,1,-1,-1,-1
52,130,-0.00,18.95,2.00,2.00,1,-1,-1,-1
52,129,11.12,3.04,2.00,2.00,1,-1,-1,-1
53,144,15.02,19.67,2.00,2.00,1,-1,-1,-1
53,143,8.94,12.81,2.00,2.00,1,-1,-1,-1
53,142,8.02,10.01,2.00,2.00,1,-1,-1,-1
53,141,20.05,5.93,2.00,2.00,1,-1,-1,-1
53,140,5.96,13.04,2.00,2.00,1,-1,-1,-1
53,139,15.88,17.03,2.00,2.00,1,-1,-1,-1
53,138,12.10,3.03,2.00,2.00,1,-1,-1,-1
53,137,7.03,5.98,2.00,2.00,1,-1,-1,-1
53,136,6.96,26.33,2.00,2.00,1,-1,-1,-1
53,135,10.98,1.93,2.00,2.00,1,-1,-1,-1
53,134,3.04,14.38,2.00,2.00,1,-1,-1,-1
53,131,13.98,26.11,2.00,2.00,1,-1,-1,-1
53,130,-0.00,18.92,2.00,2.00,1,-1,-1,-1
53,129,12.45,3.69,2.00,2.00,1,-1,-1,-1
54,144,15.70,19.83,2.00,2.00,1,-1,-1,-1
54,143,8.93,12.91,2.00,2.00,1,-1,-1,-1
54,142,7.93,10.00,2.00,2.00,1,-1,-1,-1
54,141,20.05,5.90,2.00,2.00,1,-1,-1,-1
54,140,5.93,13.07,2.00,2.00,1,-1,-1,-1
54,139,15.97,17.06,2.00,2.00,1,-1,-1,-1
54,138,12.10,3.03,2.00,2.00,1,-1,-1,-1
54,137,7.06,6.07,2.00,2.00,1,-1,-1,-1
54,136,6.93,26.17,2.00,2.00,1,-1,-1,-1
54,135,11.04,1.87,2.00,2.00,1,-1,-1,-1
54,134,3.05,14.09,2.00,2.00,1,-1,-1,-1
54,131,14.07,26.11,2.00,2.00,1,-1,-1,-1
54,130,0.65,18.92,2.00,2.00,1,-1,-1,-1
54,129,12.95,3.93,2.00,2.00,1,-1,-1,-1
55,144,15.96,19.90,2.00,2.00,1,-1,-1,-1
55,143,8.94,12.95,2.00,2.00,1,-1,-1,-1
55,142,7.25,9.99,2.00,2.00,1,-1,-1,-1
55,141,20.04,5.25,2.00,2.00,1,-1,-1,-1
55,140,5.93,13.07,2.00,2.00,1,-1,-1,-1
55,139,16.66,17.07,2.00,2.00,1,-1,-1,-1
55,138,12.74,3.03,2.00,2.00,1,-1,-1,-1
55,137,7.07,6.09,2.00,2.00,1,-1,-1,-1
55,136,6.27,26.10,2.00,2.00,1,-1,-1,-1
55,135,11.06,1.20,2.00,2.00,1,-1,-1,-1
55,134,3.05,13.99,2.00,2.00,1,-1,-1,-1
55,131,14.09,26.11,2.00,2.00,1,-1,-1,-1
55,130,0.90,18.92,2.00,2.00,1,-1,-1,-1
55,129,13.12,4.02,2.00,2.00,1,-1,-1,-1
56,144,16.70,19.93,2.00,2.00,1,-1,-1,-1
56,143,8.29,12.96,2.00,2.00,1,-1,-1,-1
56,142,7.00,9.99,2.00,2.00,1,-1,-1,-1
56,141,20.69,5.00,2.00,2.00,1,-1,-1,-1
56,140,5.93,13.07,2.00,2.00,1,-1,-1,-1
56,139,16.92,17.07,2.00,2.00,1,-1,-1,-1
56,138,12.98,3.03,2.00,2.00,1,-1,-1,-1
56,137,7.07,6.75,2.00,2.00,1,-1,-1,-1
56,136,6.03,26.07,2.00,2.00,1,-1,-1,-1
56,135,11.06,0.96,2.00,2.00,1,-1,-1,-1
56,134,3.05,13.30,2.00,2.00,1,-1,-1,-1
56,131,14.75,26.10,2.00,2.00,1,-1,-1,-1
56,130,0.99,18.93,2.00,2.00,1,-1,-1,-1
56,129,13.18,4.05,2.00,2.00,1,-1,-1,-1
57,144,16.98,19.94,2.00,2.00,1,-1,-1,-1
57,143,8.05,12.97,2.00,2.00,1,-1,-1,-1
57,142,6.92,10.64,2.00,2.00,1,-1,-1,-1
57,141,20.94,4.92,2.00,2.00,1,-1,-1,-1
57,140,5.28,13.06,2.00,2.00,1,-1,-1,-1
57,139,17.66,17.06,2.00,2.00,1,-1,-1,-1
57,138,13.06,3.03,2.00,2.00,1,-1,-1,-1
57,137,7.06,6.99,2.00,2.00,1,-1,-1,-1
57,136,5.94,26.06,2.00,2.00,1,-1,-1,-1
57,135,11.06,0.88,2.00,2.00,1,-1,-1,-1
57,134,3.04,13.05,2.00,2.00,1,-1,-1,-1
57,132,2.03,25.93,2.00,2.00,1,-1,-1,-1
57,131,14.99,26.09,2.00,2.00,1,-1,-1,-1
57,130,1.02,18.93,2.00,2.00,1,-1,-1,-1
57,129,13.18,4.71,2.00,2.00,1,-1,-1,-1
58,144,17.08,19.95,2.00,2.00,1,-1,-1,-1
58,143,7.96,13.63,2.00,2.00,1,-1,-1,-1
58,142,6.89,10.89,2.00,2.00,1,-1,-1,-1
58,141,21.02,4.90,2.00,2.00,1,-1,-1,-1
58,140,5.04,13.06,2.00,2.00,1,-1,-1,-1
58,139,17.94,17.06,2.00,2.00,1,-1,-1,-1
58,138,13.74,3.02,2.00,2.00,1,-1,-1,-1
58,137,7.06,7.08,2.00,2.00,1,-1,-1,-1
58,136,5.92,26.05,2.00,2.00,1,-1,-1,-1
58,135,11.05,0.20,2.00,2.00,1,-1,-1,-1
58,134,3.69,12.95,2.00,2.00,1,-1,-1,-1
58,132,2.02,26.01,2.00,2.00,1,-1,-1,-1
58,131,15.08,26.08,2.00,2.00,1,-1,-1,-1
58,130,1.68,18.94,2.00,2.00,1,-1,-1,-1
58,129,13.18,4.96,2.00,2.00,1,-1,-1,-1
59,144,17.76,19.96,2.00,2.00,1,-1,-1,-1
59,143,7.93,13.23,2.00,2.00,1,-1,-1,-1
59,142,6.24,10.98,2.00,2.00,1,-1,-1,-1
59,141,21.05,4.89,2.00,2.00,1,-1,-1,-1
59,140,4.95,13.05,2.00,2.00,1,-1,-1,-1
59,139,18.04,17.05,2.00,2.00,1,-1,-1,-1
59,138,13.99,3.02,2.00,2.00,1,-1,-1,-1
59,137,7.05,7.10,2.00,2.00,1,-1,-1,-1
59,136,5.26,26.04,2.00,2.00,1,-1,-1,-1
59,135,11.05,-0.04,2.00,2.00,1,-1,-1,-1
59,134,3.94,12.27,2.00,2.00,1,-1,-1,-1
59,132,2.02,26.03,2.00,2.00,1,-1,-1,-1
59,131,15.10,26.07,2.00,2.00,1,-1,-1,-1
59,130,1.93,18.94,2.00,2.00,1,-1,-1,-1
59,129,13.16,5.04,2.00,2.00,1,-1,-1,-1
60,144,18.01,19.96,2.00,2.00,1,-1,-1,-1
60,143,7.27,13.07,2.00,2.00,1,-1,-1,-1
60,142,5.99,11.02,2.00,2.00,1,-1,-1,-1
60,141,21.06,4.90,2.00,2.00,1,-1,-1,-1
60,140,4.93,13.05,2.00,2.00,1,-1,-1,-1
60,139,18.73,17.05,2.00,2.00,1,-1,-1,-1
60,138,14.73,3.02,2.00,2.00,1,-1,-1,-1
60,137,7.05,7.76,2.00,2.00,1,-1,-1,-1
60,136,5.02,26.04,2.00,2.00,1,-1,-1,-1
60,135,11.04,-0.12,2.00,2.00,1,-1,-1,-1
60,134,4.02,12.02,2.00,2.00,1,-1,-1,-1
60,132,2.01,26.04,2.00,2.00,1,-1,-1,-1
60,131,15.76,26.07,2.00,2.00,1,-1,-1,-1
60,130,2.02,18.95,2.00,2.00,1,-1,-1,-1
60,129,12.50,5.72,2.00,2.00,1,-1,-1,-1
61,144,18.10,20.62,2.00,2.00,1,-1,-1,-1
61,143,7.03,13.02,2.00,2.00,1,-1,-1,-1
61,142,5.91,11.68,2.00,2.00,1,-1,-1,-1
61,141,21.06,4.91,2.00,2.00,1,-1,-1,-1
61,140,4.92,13.04,2.00,2.00,1,-1,-1,-1
61,139,18.98,17.04,2.00,2.00,1,-1,-1,-1
61,138,15.01,3.02,2.00,2.00,1,-1,-1,-1
61,137,7.04,8.00,2.00,2.00,1,-1,-1,-1
61,136,4.93,26.04,2.00,2.00,1,-1,-1,-1
61,135,11.04,-0.15,2.00,2.00,1,-1,-1,-1
61,134,4.05,11.28,2.00,2.00,1,-1,-1,-1
61,132,1.36,26.04,2.00,2.00,1,-1,-1,-1
61,131,16.00,26.06,2.00,2.00,1,-1,-1,-1
61,130,2.05,18.95,2.00,2.00,1,-1,-1,-1
61,129,12.23,5.98,2.00,2.00,1,-1,-1,-1
62,144,18.12,20.87,2.00,2.00,1,-1,-1,-1
62,143,6.94,13.00,2.00,2.00,1,-1,-1,-1
62,142,5.89,11.93,2.00,2.00,1,-1,-1,-1
62,141,21.06,4.91,2.00,2.00,1,-1,-1,-1
62,140,4.92,13.04,2.00,2.00,1,-1,-1,-1
62,139,19.07,17.04,2.00,2.00,1,-1,-1,-1
62,138,15.10,3.02,2.00,2.00,1,-1,-1,-1
62,137,7.69,8.08,2.00,2.00,1,-1,-1,-1
62,136,4.90,26.03,2.00,2.00,1,-1,-1,-1
62,135,11.69,-0.14,2.00,2.00,1,-1,-1,-1
62,134,3.41,11.00,2.00,2.00,1,-1,-1,-1
62,133,2.04,23.08,2.00,2.00,1,-1,-1,-1
62,132,1.11,26.04,2.00,2.00,1,-1,-1,-1
62,131,16.08,26.05,2.00,2.00,1,-1,-1,-1
62,130,2.06,18.96,2.00,2.00,1,-1,-1,-1
62,129,12.13,6.07,2.00,2.00,1,-1,-1,-1
63,144,18.12,20.96,2.00,2.00,1,-1,-1,-1
63,143,6.91,12.99,2.00,2.00,1,-1,-1,-1
63,142,5.89,12.67,2.00,2.00,1,-1,-1,-1
63,141,21.70,4.92,2.00,2.00,1,-1,-1,-1
63,140,4.28,13.04,2.00,2.00,1,-1,-1,-1
63,139,19.75,17.03,2.00,2.00,1,-1,-1,-1
63,138,15.13,2.36,2.00,2.00,1,-1,-1,-1
63,137,7.93,8.11,2.00,2.00,1,-1,-1,-1
63,136,4.25,25.38,2.00,2.00,1,-1,-1,-1
63,135,11.93,-0.14,2.00,2.00,1,-1,-1,-1
63,134,3.16,10.91,2.00,2.00,1,-1,-1,-1
63,133,1.98,23.00,2.00,2.00,1,-1,-1,-1
63,132,1.02,26.04,2.00,2.00,1,-1,-1,-1
63,131,16.11,26.05,2.00,2.00,1,-1,-1,-1
63,130,2.71,18.96,2.00,2.00,1,-1,-1,-1
63,129,12.09,6.09,2.00,2.00,1,-1,-1,-1
